Steps    Q        Rg       Non-additive Go term Backbone Rama     Contact  Fragment Membrane ER       TBM_Q    Beta     Pap      Helical  Total   
0        1.00     10.06    -81.98   80.42    -357.54  -74.08   -294.05  0.00     0.00     0.00     -23.45   0.00     0.00     -750.68 
1        0.98     10.06    -79.12   4.92     -444.35  -86.84   -287.94  0.00     0.00     0.00     -24.67   -0.00    0.00     -918.00 
2        0.95     10.08    -63.17   210.69   -423.94  -86.83   -272.29  0.00     0.00     0.00     -20.24   -0.00    0.00     -655.78 
3        0.91     10.06    -66.48   205.67   -430.82  -86.31   -263.94  0.00     0.00     0.00     -18.21   -0.00    0.00     -660.10 
4        0.88     10.02    -67.43   180.00   -415.37  -89.52   -261.71  0.00     0.00     0.00     -16.16   -0.00    0.00     -670.19 
5        0.86     9.93     -74.63   213.70   -413.16  -85.23   -258.99  0.00     0.00     0.00     -17.68   -0.00    0.00     -635.99 
6        0.83     9.87     -71.94   241.58   -410.51  -86.64   -254.43  0.00     0.00     0.00     -16.98   0.00     0.00     -598.90 
7        0.82     9.84     -76.19   225.56   -401.84  -89.56   -255.72  0.00     0.00     0.00     -16.37   0.00     0.00     -614.11 
8        0.82     9.81     -69.88   258.07   -412.55  -88.63   -262.83  0.00     0.00     0.00     -18.82   -0.00    0.00     -594.65 
9        0.80     9.82     -73.30   250.72   -413.16  -89.53   -265.59  0.00     0.00     0.00     -18.58   0.00     0.00     -609.43 
10       0.80     9.79     -64.76   282.83   -417.46  -84.39   -264.91  0.00     0.00     0.00     -19.00   -0.00    0.00     -567.69 
11       0.80     9.80     -52.91   252.77   -400.82  -89.37   -259.53  0.00     0.00     0.00     -19.61   0.00     0.00     -569.47 
12       0.80     9.83     -69.19   268.83   -409.28  -85.55   -260.43  0.00     0.00     0.00     -19.55   0.00     0.00     -575.18 
13       0.80     9.88     -76.62   244.57   -409.54  -83.77   -262.44  0.00     0.00     0.00     -19.24   0.00     0.00     -607.05 
14       0.79     9.93     -63.01   289.63   -405.83  -82.40   -259.09  0.00     0.00     0.00     -19.59   0.00     0.00     -540.29 
15       0.77     9.92     -52.28   299.99   -387.70  -83.17   -254.28  0.00     0.00     0.00     -19.01   0.00     0.00     -496.47 
16       0.77     9.91     -51.63   309.46   -413.89  -81.10   -252.46  0.00     0.00     0.00     -18.99   0.00     0.00     -508.61 
17       0.76     9.88     -73.21   259.07   -403.19  -82.98   -251.92  0.00     0.00     0.00     -18.16   0.00     0.00     -570.39 
18       0.75     9.87     -65.74   303.00   -409.43  -86.87   -247.49  0.00     0.00     0.00     -17.53   0.00     0.00     -524.05 
19       0.75     9.88     -36.33   281.19   -412.73  -83.03   -242.18  0.00     0.00     0.00     -18.39   0.00     0.00     -511.47 
20       0.75     9.91     -38.85   330.27   -418.74  -84.76   -236.19  0.00     0.00     0.00     -17.69   0.00     0.00     -465.96 
21       0.74     9.93     -68.39   314.92   -420.79  -81.94   -237.15  0.00     0.00     0.00     -14.17   0.00     0.00     -507.52 
22       0.75     9.92     -56.01   298.74   -407.94  -84.60   -241.82  0.00     0.00     0.00     -14.47   0.00     0.00     -506.11 
23       0.75     9.88     -52.18   304.92   -414.96  -83.03   -249.37  0.00     0.00     0.00     -16.88   -0.00    0.00     -511.50 
24       0.75     9.87     -44.60   320.05   -419.33  -85.68   -247.61  0.00     0.00     0.00     -18.20   0.00     0.00     -495.37 
25       0.74     9.84     -59.61   299.97   -422.08  -83.17   -245.43  0.00     0.00     0.00     -19.99   0.00     0.00     -530.31 
26       0.73     9.97     -73.57   314.05   -411.08  -88.70   -247.01  0.00     0.00     0.00     -20.70   -0.00    0.00     -527.01 
27       0.71     10.06    -51.72   314.84   -412.97  -85.92   -248.58  0.00     0.00     0.00     -19.68   -0.00    0.00     -504.04 
28       0.69     10.15    -25.88   364.50   -420.13  -83.72   -244.66  0.00     0.00     0.00     -19.39   -0.00    0.00     -429.29 
29       0.65     10.26    -20.01   325.96   -398.06  -80.08   -241.30  0.00     0.00     0.00     -16.20   -0.00    0.00     -429.69 
30       0.63     10.31    -22.46   339.26   -399.54  -84.49   -234.28  0.00     0.00     0.00     -13.80   -0.00    0.00     -415.32 
31       0.63     10.28    -23.38   305.19   -398.08  -84.34   -231.94  0.00     0.00     0.00     -14.49   -0.00    0.00     -447.03 
32       0.63     10.21    -21.58   337.22   -412.95  -87.36   -231.05  0.00     0.00     0.00     -15.64   -0.00    0.00     -431.35 
33       0.62     10.20    -19.50   332.45   -406.56  -82.15   -234.09  0.00     0.00     0.00     -18.04   -0.00    0.00     -427.89 
34       0.63     10.20    -21.27   311.84   -409.46  -78.08   -234.78  0.00     0.00     0.00     -18.82   -0.00    0.00     -450.57 
35       0.62     10.22    -21.54   329.86   -402.32  -80.60   -233.47  0.00     0.00     0.00     -18.68   -0.00    0.00     -426.75 
36       0.62     10.26    -28.63   349.86   -418.21  -87.66   -235.11  0.00     0.00     0.00     -17.43   -0.00    0.00     -437.18 
37       0.61     10.29    -33.44   355.00   -409.61  -87.41   -233.72  0.00     0.00     0.00     -18.64   -0.00    0.00     -427.84 
38       0.62     10.40    -27.74   353.34   -385.91  -80.78   -233.58  0.00     0.00     0.00     -16.75   -0.00    0.00     -391.43 
39       0.61     10.50    -24.93   312.90   -400.87  -81.58   -240.60  0.00     0.00     0.00     -15.35   -0.00    0.00     -450.44 
40       0.61     10.50    -37.77   340.73   -402.09  -80.77   -246.04  0.00     0.00     0.00     -17.25   -0.00    0.00     -443.19 
41       0.61     10.53    -25.63   323.27   -414.81  -79.17   -248.60  0.00     0.00     0.00     -20.32   -0.00    0.00     -465.25 
42       0.61     10.57    -20.85   350.01   -421.94  -79.52   -243.99  0.00     0.00     0.00     -20.29   -0.00    0.00     -436.58 
43       0.60     10.57    -19.59   350.11   -410.97  -83.43   -241.40  0.00     0.00     0.00     -15.70   -0.00    0.00     -420.98 
44       0.60     10.62    -23.53   314.91   -412.70  -82.20   -236.16  0.00     0.00     0.00     -17.52   -0.00    0.00     -457.20 
45       0.59     10.62    -23.13   314.46   -416.08  -81.60   -232.23  0.00     0.00     0.00     -16.74   -0.00    0.00     -455.34 
46       0.61     10.63    -22.36   318.27   -419.17  -82.43   -235.31  0.00     0.00     0.00     -17.36   0.00     0.00     -458.36 
47       0.62     10.63    -21.32   308.37   -418.78  -82.66   -239.33  0.00     0.00     0.00     -17.51   0.00     0.00     -471.22 
48       0.62     10.60    -21.66   349.07   -408.29  -81.99   -239.48  0.00     0.00     0.00     -16.99   0.00     0.00     -419.34 
49       0.62     10.56    -21.32   339.78   -416.89  -82.29   -242.21  0.00     0.00     0.00     -17.40   0.00     0.00     -440.32 
50       0.62     10.50    -22.86   330.61   -406.75  -81.61   -238.52  0.00     0.00     0.00     -16.78   0.00     0.00     -435.90 
51       0.61     10.49    -23.80   345.70   -405.65  -82.67   -242.01  0.00     0.00     0.00     -18.34   -0.00    0.00     -426.78 
52       0.61     10.42    -23.21   321.35   -410.18  -84.33   -237.94  0.00     0.00     0.00     -18.00   -0.00    0.00     -452.32 
53       0.59     10.42    -21.70   321.91   -397.91  -79.63   -233.71  0.00     0.00     0.00     -17.21   -0.00    0.00     -428.25 
54       0.58     10.40    -19.69   296.39   -416.65  -81.02   -232.94  0.00     0.00     0.00     -15.77   -0.00    0.00     -469.68 
55       0.56     10.33    -21.42   323.25   -419.75  -83.45   -227.18  0.00     0.00     0.00     -17.57   -0.00    0.00     -446.12 
56       0.55     10.33    -22.90   286.57   -422.31  -78.17   -225.11  0.00     0.00     0.00     -18.34   -0.00    0.00     -480.25 
57       0.53     10.34    -25.60   308.76   -419.74  -83.83   -220.59  0.00     0.00     0.00     -16.99   -0.00    0.00     -457.99 
58       0.53     10.31    -35.36   266.32   -401.04  -85.28   -219.10  0.00     0.00     0.00     -17.12   -0.00    0.00     -491.58 
59       0.52     10.28    -35.25   284.32   -416.39  -87.35   -223.44  0.00     0.00     0.00     -18.09   -0.00    0.00     -496.20 
60       0.52     10.28    -35.55   284.55   -411.03  -85.29   -226.94  0.00     0.00     0.00     -18.04   -0.00    0.00     -492.29 
61       0.52     10.28    -41.10   260.15   -426.44  -89.15   -233.92  0.00     0.00     0.00     -19.54   -0.00    0.00     -550.00 
62       0.52     10.33    -32.83   294.01   -422.90  -88.44   -237.06  0.00     0.00     0.00     -17.93   -0.00    0.00     -505.16 
63       0.52     10.38    -28.16   270.56   -435.47  -86.16   -240.48  0.00     0.00     0.00     -17.00   -0.00    0.00     -536.70 
64       0.52     10.42    -36.44   284.00   -423.74  -85.05   -237.19  0.00     0.00     0.00     -17.46   -0.00    0.00     -515.89 
65       0.52     10.46    -31.45   295.50   -432.32  -82.41   -232.19  0.00     0.00     0.00     -16.34   -0.00    0.00     -499.21 
66       0.52     10.49    -26.26   295.31   -425.59  -81.21   -231.29  0.00     0.00     0.00     -16.90   -0.00    0.00     -485.95 
67       0.52     10.51    -23.08   324.59   -428.26  -82.13   -230.48  0.00     0.00     0.00     -15.93   -0.00    0.00     -455.29 
68       0.53     10.45    -23.79   292.74   -411.99  -83.52   -236.02  0.00     0.00     0.00     -16.68   -0.00    0.00     -479.26 
69       0.55     10.31    -29.15   287.03   -407.56  -84.75   -238.06  0.00     0.00     0.00     -18.32   -0.00    0.00     -490.81 
70       0.55     10.27    -31.64   305.46   -417.28  -80.41   -241.85  0.00     0.00     0.00     -18.13   -0.00    0.00     -483.84 
71       0.55     10.24    -26.62   317.54   -427.67  -88.72   -240.96  0.00     0.00     0.00     -18.64   -0.00    0.00     -485.07 
72       0.55     10.23    -28.34   294.24   -426.11  -84.57   -242.91  0.00     0.00     0.00     -19.96   -0.00    0.00     -507.64 
73       0.56     10.23    -32.00   288.17   -416.12  -84.03   -242.78  0.00     0.00     0.00     -18.15   -0.00    0.00     -504.91 
74       0.55     10.18    -28.68   297.32   -416.83  -87.36   -238.47  0.00     0.00     0.00     -16.11   -0.00    0.00     -490.13 
75       0.56     10.14    -25.93   292.02   -398.10  -88.39   -241.86  0.00     0.00     0.00     -17.06   -0.00    0.00     -479.33 
76       0.55     10.11    -25.53   318.45   -424.91  -84.11   -243.13  0.00     0.00     0.00     -19.00   -0.00    0.00     -478.23 
77       0.55     10.15    -24.76   300.75   -408.36  -83.54   -238.74  0.00     0.00     0.00     -17.61   -0.00    0.00     -472.27 
78       0.54     10.23    -48.20   286.69   -410.01  -82.78   -238.04  0.00     0.00     0.00     -17.89   -0.00    0.00     -510.23 
79       0.54     10.31    -59.54   289.18   -390.78  -77.63   -238.11  0.00     0.00     0.00     -15.68   0.00     0.00     -492.56 
80       0.54     10.38    -48.35   312.30   -402.43  -80.08   -231.34  0.00     0.00     0.00     -16.12   0.00     0.00     -466.01 
81       0.53     10.47    -32.51   319.77   -384.35  -78.50   -227.81  0.00     0.00     0.00     -16.56   0.00     0.00     -419.97 
82       0.52     10.51    -32.02   330.28   -408.67  -77.07   -224.45  0.00     0.00     0.00     -16.65   0.00     0.00     -428.57 
83       0.52     10.49    -35.76   290.09   -406.88  -77.18   -220.87  0.00     0.00     0.00     -16.91   -0.00    0.00     -467.50 
84       0.51     10.50    -22.99   304.82   -403.98  -76.97   -221.88  0.00     0.00     0.00     -14.65   -0.00    0.00     -435.66 
85       0.51     10.49    -27.96   300.43   -401.58  -77.27   -226.51  0.00     0.00     0.00     -14.77   -0.00    0.00     -447.67 
86       0.51     10.48    -45.01   289.17   -404.09  -77.79   -231.65  0.00     0.00     0.00     -17.64   -0.00    0.00     -487.02 
87       0.52     10.49    -45.24   288.90   -390.71  -76.23   -237.39  0.00     0.00     0.00     -17.62   -0.00    0.00     -478.29 
88       0.52     10.53    -34.82   313.78   -399.30  -79.50   -238.84  0.00     0.00     0.00     -17.03   -0.00    0.00     -455.69 
89       0.52     10.55    -30.01   297.32   -405.47  -78.94   -237.50  0.00     0.00     0.00     -17.19   0.00     0.00     -471.79 
90       0.51     10.60    -21.42   288.65   -410.31  -75.11   -240.19  0.00     0.00     0.00     -17.12   -0.00    0.00     -475.50 
91       0.51     10.65    -24.69   310.01   -410.45  -76.06   -237.33  0.00     0.00     0.00     -16.30   -0.00    0.00     -454.82 
92       0.51     10.68    -26.68   283.62   -405.09  -77.57   -240.95  0.00     0.00     0.00     -19.14   0.00     0.00     -485.82 
93       0.50     10.70    -32.20   306.94   -397.19  -79.27   -240.20  0.00     0.00     0.00     -20.56   0.00     0.00     -462.48 
94       0.49     10.77    -25.40   295.97   -388.93  -77.46   -240.10  0.00     0.00     0.00     -16.23   0.00     0.00     -452.16 
95       0.49     10.79    -27.78   297.90   -411.05  -76.91   -239.30  0.00     0.00     0.00     -17.85   0.00     0.00     -474.98 
96       0.49     10.80    -37.46   277.94   -406.22  -78.85   -247.14  0.00     0.00     0.00     -18.87   0.00     0.00     -510.59 
97       0.50     10.75    -57.27   292.73   -401.00  -75.85   -247.69  0.00     0.00     0.00     -19.34   -0.00    0.00     -508.43 
98       0.50     10.71    -51.65   267.55   -412.09  -74.70   -245.44  0.00     0.00     0.00     -20.73   -0.00    0.00     -537.05 
99       0.50     10.66    -46.26   334.56   -418.58  -75.49   -242.52  0.00     0.00     0.00     -21.20   -0.00    0.00     -469.49 
100      0.51     10.65    -46.73   268.82   -415.34  -74.64   -241.98  0.00     0.00     0.00     -20.96   0.00     0.00     -530.83 
101      0.52     10.59    -69.68   283.92   -428.48  -71.37   -241.87  0.00     0.00     0.00     -20.00   -0.00    0.00     -547.49 
102      0.54     10.57    -69.33   298.58   -409.01  -70.13   -237.70  0.00     0.00     0.00     -19.65   -0.00    0.00     -507.25 
103      0.57     10.46    -52.11   312.35   -424.54  -77.34   -243.37  0.00     0.00     0.00     -19.63   -0.00    0.00     -504.64 
104      0.59     10.45    -45.14   266.54   -400.44  -77.14   -249.60  0.00     0.00     0.00     -18.12   -0.00    0.00     -523.91 
105      0.60     10.44    -48.16   294.89   -422.39  -73.11   -248.86  0.00     0.00     0.00     -17.75   -0.00    0.00     -515.38 
106      0.61     10.46    -52.85   268.17   -401.48  -70.66   -242.68  0.00     0.00     0.00     -16.48   -0.00    0.00     -515.98 
107      0.61     10.47    -54.34   279.31   -406.43  -72.66   -241.18  0.00     0.00     0.00     -15.93   0.00     0.00     -511.22 
108      0.62     10.48    -39.31   311.82   -401.03  -72.41   -236.05  0.00     0.00     0.00     -13.75   0.00     0.00     -450.73 
109      0.63     10.53    -51.92   326.62   -388.29  -75.71   -236.55  0.00     0.00     0.00     -14.22   0.00     0.00     -440.07 
110      0.63     10.63    -62.54   274.55   -382.85  -78.51   -237.11  0.00     0.00     0.00     -15.25   0.00     0.00     -501.70 
111      0.65     10.70    -58.29   291.25   -416.30  -73.13   -238.12  0.00     0.00     0.00     -14.74   0.00     0.00     -509.33 
112      0.65     10.73    -41.35   284.88   -421.96  -71.05   -244.83  0.00     0.00     0.00     -14.55   0.00     0.00     -508.86 
113      0.66     10.78    -68.57   281.29   -424.24  -69.23   -253.02  0.00     0.00     0.00     -17.49   0.00     0.00     -551.26 
114      0.64     10.79    -68.62   279.51   -423.56  -75.46   -247.16  0.00     0.00     0.00     -17.45   0.00     0.00     -552.73 
115      0.64     10.80    -69.90   248.65   -425.61  -74.43   -245.93  0.00     0.00     0.00     -16.61   0.00     0.00     -583.83 
116      0.63     10.82    -71.10   291.15   -413.16  -76.63   -241.22  0.00     0.00     0.00     -16.67   0.00     0.00     -527.62 
117      0.64     10.80    -67.91   246.17   -428.07  -76.35   -244.42  0.00     0.00     0.00     -17.18   0.00     0.00     -587.76 
118      0.64     10.79    -59.12   292.83   -425.21  -73.49   -243.50  0.00     0.00     0.00     -17.74   0.00     0.00     -526.23 
119      0.65     10.75    -58.53   246.23   -421.64  -76.57   -249.24  0.00     0.00     0.00     -17.90   0.00     0.00     -577.65 
120      0.66     10.73    -60.76   269.64   -419.34  -75.94   -253.53  0.00     0.00     0.00     -17.61   0.00     0.00     -557.54 
121      0.67     10.68    -60.31   241.77   -420.14  -80.09   -254.72  0.00     0.00     0.00     -17.78   0.00     0.00     -591.27 
122      0.67     10.64    -51.86   255.73   -405.51  -78.80   -251.90  0.00     0.00     0.00     -18.43   0.00     0.00     -550.77 
123      0.68     10.57    -67.97   268.54   -406.17  -77.05   -250.57  0.00     0.00     0.00     -17.86   -0.00    0.00     -551.07 
124      0.69     10.52    -63.81   243.16   -413.32  -71.99   -250.53  0.00     0.00     0.00     -18.73   0.00     0.00     -575.23 
125      0.71     10.45    -70.35   246.02   -423.77  -77.56   -256.99  0.00     0.00     0.00     -19.90   0.00     0.00     -602.53 
126      0.72     10.39    -59.00   226.88   -421.63  -75.68   -258.26  0.00     0.00     0.00     -18.35   -0.00    0.00     -606.05 
127      0.73     10.34    -61.42   231.49   -401.24  -74.60   -254.73  0.00     0.00     0.00     -17.25   0.00     0.00     -577.75 
128      0.74     10.28    -58.54   231.60   -408.67  -80.28   -255.53  0.00     0.00     0.00     -19.06   0.00     0.00     -590.48 
129      0.74     10.29    -63.13   236.08   -413.15  -81.42   -256.10  0.00     0.00     0.00     -17.68   -0.00    0.00     -595.40 
130      0.73     10.25    -58.51   256.33   -416.75  -82.37   -258.28  0.00     0.00     0.00     -18.58   -0.00    0.00     -578.16 
131      0.73     10.21    -42.05   243.88   -411.65  -83.32   -256.53  0.00     0.00     0.00     -18.75   -0.00    0.00     -568.42 
132      0.73     10.25    -44.85   239.54   -417.78  -80.09   -256.29  0.00     0.00     0.00     -19.93   -0.00    0.00     -579.40 
133      0.72     10.30    -63.36   238.25   -429.37  -77.58   -256.40  0.00     0.00     0.00     -18.34   -0.00    0.00     -606.80 
134      0.71     10.34    -59.08   231.54   -422.58  -76.92   -258.71  0.00     0.00     0.00     -18.13   -0.00    0.00     -603.88 
135      0.71     10.37    -36.40   254.17   -424.32  -77.61   -251.76  0.00     0.00     0.00     -16.08   -0.00    0.00     -552.01 
136      0.73     10.35    -33.58   255.36   -413.07  -77.66   -252.62  0.00     0.00     0.00     -18.21   -0.00    0.00     -539.79 
137      0.74     10.35    -43.48   246.92   -420.65  -70.72   -253.95  0.00     0.00     0.00     -17.88   -0.00    0.00     -559.76 
138      0.76     10.34    -55.34   270.86   -410.66  -71.53   -258.33  0.00     0.00     0.00     -19.05   -0.00    0.00     -544.06 
139      0.75     10.34    -61.40   258.31   -414.18  -70.41   -258.65  0.00     0.00     0.00     -17.64   -0.00    0.00     -563.98 
140      0.76     10.30    -59.73   288.89   -423.69  -71.42   -263.07  0.00     0.00     0.00     -17.96   0.00     0.00     -546.98 
141      0.76     10.31    -69.24   249.85   -414.10  -70.19   -263.41  0.00     0.00     0.00     -18.14   -0.00    0.00     -585.23 
142      0.76     10.30    -70.90   260.43   -424.19  -73.04   -266.81  0.00     0.00     0.00     -20.40   -0.00    0.00     -594.91 
143      0.76     10.28    -66.85   257.07   -426.87  -71.75   -265.85  0.00     0.00     0.00     -20.65   -0.00    0.00     -594.90 
144      0.76     10.27    -67.59   250.12   -426.98  -72.57   -256.68  0.00     0.00     0.00     -19.90   0.00     0.00     -593.61 
145      0.75     10.23    -58.59   241.50   -420.54  -75.83   -253.06  0.00     0.00     0.00     -19.75   -0.00    0.00     -586.27 
146      0.75     10.25    -69.62   280.50   -423.90  -77.38   -252.60  0.00     0.00     0.00     -19.70   0.00     0.00     -562.70 
147      0.75     10.33    -57.67   259.85   -423.17  -77.37   -259.75  0.00     0.00     0.00     -17.76   0.00     0.00     -575.88 
148      0.76     10.34    -71.62   221.38   -422.41  -78.43   -262.46  0.00     0.00     0.00     -16.30   0.00     0.00     -629.84 
149      0.74     10.34    -57.72   245.52   -426.77  -77.86   -254.73  0.00     0.00     0.00     -16.91   0.00     0.00     -588.46 
150      0.74     10.34    -65.93   247.42   -425.58  -78.46   -255.28  0.00     0.00     0.00     -15.98   0.00     0.00     -593.80 
151      0.74     10.29    -65.03   262.31   -422.53  -81.99   -259.84  0.00     0.00     0.00     -19.40   0.00     0.00     -586.47 
152      0.73     10.30    -51.28   250.21   -418.10  -74.89   -255.93  0.00     0.00     0.00     -18.98   -0.00    0.00     -568.97 
153      0.73     10.29    -40.37   230.97   -424.55  -80.20   -251.68  0.00     0.00     0.00     -19.27   0.00     0.00     -585.10 
154      0.73     10.28    -54.27   237.70   -416.30  -81.09   -249.32  0.00     0.00     0.00     -19.44   0.00     0.00     -582.73 
155      0.73     10.28    -69.32   253.37   -414.37  -75.71   -251.27  0.00     0.00     0.00     -21.01   0.00     0.00     -578.31 
156      0.74     10.24    -71.53   251.14   -414.06  -82.09   -246.88  0.00     0.00     0.00     -19.14   0.00     0.00     -582.55 
157      0.75     10.22    -72.87   238.01   -420.00  -79.11   -256.02  0.00     0.00     0.00     -21.07   0.00     0.00     -611.06 
158      0.76     10.24    -53.97   220.63   -425.59  -79.80   -262.60  0.00     0.00     0.00     -20.83   0.00     0.00     -622.16 
159      0.77     10.26    -40.89   237.20   -420.42  -82.07   -264.64  0.00     0.00     0.00     -19.90   0.00     0.00     -590.73 
160      0.77     10.33    -52.56   222.58   -414.12  -80.83   -262.04  0.00     0.00     0.00     -20.05   0.00     0.00     -607.02 
161      0.76     10.41    -51.80   217.48   -417.73  -83.42   -260.83  0.00     0.00     0.00     -19.27   0.00     0.00     -615.57 
162      0.74     10.49    -68.54   212.33   -424.67  -85.36   -262.22  0.00     0.00     0.00     -17.79   0.00     0.00     -646.25 
163      0.73     10.53    -71.39   223.32   -423.08  -84.84   -260.96  0.00     0.00     0.00     -17.55   0.00     0.00     -634.51 
164      0.72     10.55    -60.01   212.80   -430.37  -82.34   -257.57  0.00     0.00     0.00     -18.78   0.00     0.00     -636.26 
165      0.71     10.57    -57.35   211.70   -419.04  -81.95   -258.75  0.00     0.00     0.00     -19.21   0.00     0.00     -624.60 
166      0.70     10.57    -55.00   211.21   -438.64  -82.40   -255.04  0.00     0.00     0.00     -19.95   0.00     0.00     -639.82 
167      0.69     10.54    -68.69   232.41   -440.94  -85.00   -253.36  0.00     0.00     0.00     -19.49   0.00     0.00     -635.06 
168      0.68     10.55    -70.43   214.01   -438.79  -83.16   -253.25  0.00     0.00     0.00     -18.10   0.00     0.00     -649.73 
169      0.68     10.56    -69.38   231.12   -444.35  -82.23   -256.47  0.00     0.00     0.00     -18.42   0.00     0.00     -639.72 
170      0.69     10.52    -61.47   228.77   -439.45  -80.14   -258.87  0.00     0.00     0.00     -20.05   0.00     0.00     -631.20 
171      0.70     10.45    -32.02   232.55   -441.03  -84.61   -257.09  0.00     0.00     0.00     -18.88   0.00     0.00     -601.07 
172      0.72     10.33    -25.01   211.02   -432.04  -88.28   -258.55  0.00     0.00     0.00     -19.92   0.00     0.00     -612.77 
173      0.72     10.24    -24.13   217.10   -429.96  -87.64   -256.40  0.00     0.00     0.00     -21.21   0.00     0.00     -602.23 
174      0.72     10.20    -23.05   216.68   -440.75  -86.01   -252.59  0.00     0.00     0.00     -20.38   0.00     0.00     -606.10 
175      0.73     10.15    -22.93   231.88   -439.39  -88.12   -252.51  0.00     0.00     0.00     -20.17   0.00     0.00     -591.25 
176      0.73     10.16    -23.38   218.34   -433.66  -88.09   -255.85  0.00     0.00     0.00     -18.52   0.00     0.00     -601.14 
177      0.73     10.19    -22.82   237.16   -440.44  -87.01   -256.22  0.00     0.00     0.00     -18.21   0.00     0.00     -587.54 
178      0.73     10.22    -21.93   244.70   -432.52  -90.37   -253.51  0.00     0.00     0.00     -17.54   0.00     0.00     -571.16 
179      0.73     10.28    -19.78   246.00   -430.85  -88.10   -247.86  0.00     0.00     0.00     -16.55   0.00     0.00     -557.14 
180      0.73     10.31    -22.02   229.12   -433.56  -85.87   -246.85  0.00     0.00     0.00     -16.66   0.00     0.00     -575.83 
181      0.73     10.35    -21.21   258.45   -437.35  -86.36   -241.69  0.00     0.00     0.00     -16.49   0.00     0.00     -544.65 
182      0.73     10.41    -21.93   237.47   -435.53  -84.57   -248.26  0.00     0.00     0.00     -18.13   0.00     0.00     -570.95 
183      0.73     10.43    -23.26   232.67   -429.54  -82.64   -250.65  0.00     0.00     0.00     -19.83   0.00     0.00     -573.26 
184      0.73     10.46    -22.38   227.05   -428.35  -80.59   -251.72  0.00     0.00     0.00     -19.78   0.00     0.00     -575.78 
185      0.72     10.48    -21.99   234.34   -431.01  -82.04   -250.94  0.00     0.00     0.00     -18.47   0.00     0.00     -570.11 
186      0.72     10.47    -21.61   235.62   -429.36  -79.78   -247.26  0.00     0.00     0.00     -18.93   0.00     0.00     -561.31 
187      0.72     10.41    -22.97   202.29   -421.35  -82.38   -250.18  0.00     0.00     0.00     -18.57   0.00     0.00     -593.15 
188      0.72     10.36    -23.19   243.27   -431.34  -83.99   -250.06  0.00     0.00     0.00     -19.89   0.00     0.00     -565.19 
189      0.71     10.36    -21.04   234.67   -425.80  -82.49   -249.58  0.00     0.00     0.00     -20.64   0.00     0.00     -564.87 
190      0.70     10.33    -20.63   236.66   -430.59  -81.86   -249.68  0.00     0.00     0.00     -19.15   0.00     0.00     -565.25 
191      0.70     10.34    -20.42   220.14   -428.99  -80.50   -250.22  0.00     0.00     0.00     -21.52   0.00     0.00     -581.53 
192      0.70     10.35    -20.31   238.72   -432.39  -81.27   -251.99  0.00     0.00     0.00     -19.72   0.00     0.00     -566.97 
193      0.70     10.40    -22.98   226.43   -429.11  -80.26   -257.22  0.00     0.00     0.00     -20.04   0.00     0.00     -583.17 
194      0.70     10.39    -23.67   227.40   -433.39  -79.60   -259.16  0.00     0.00     0.00     -21.34   0.00     0.00     -589.76 
195      0.70     10.47    -25.42   203.40   -432.42  -79.24   -259.12  0.00     0.00     0.00     -17.97   0.00     0.00     -610.76 
196      0.69     10.52    -30.21   226.69   -426.55  -79.66   -256.99  0.00     0.00     0.00     -18.91   0.00     0.00     -585.63 
197      0.68     10.57    -28.37   201.01   -423.39  -78.74   -252.27  0.00     0.00     0.00     -18.49   0.00     0.00     -600.26 
198      0.67     10.60    -25.12   217.66   -425.08  -79.29   -250.93  0.00     0.00     0.00     -19.62   0.00     0.00     -582.38 
199      0.66     10.65    -23.91   221.93   -408.37  -79.32   -248.52  0.00     0.00     0.00     -18.81   0.00     0.00     -557.00 
200      0.67     10.65    -39.39   232.91   -427.05  -78.87   -252.28  0.00     0.00     0.00     -17.90   0.00     0.00     -582.57 
201      0.68     10.60    -50.74   211.76   -418.28  -80.45   -256.83  0.00     0.00     0.00     -17.54   0.00     0.00     -612.08 
202      0.70     10.55    -68.67   202.98   -422.13  -80.12   -258.93  0.00     0.00     0.00     -19.78   0.00     0.00     -646.66 
203      0.71     10.49    -69.94   213.84   -421.00  -81.78   -259.39  0.00     0.00     0.00     -19.17   0.00     0.00     -637.43 
204      0.71     10.49    -69.06   197.03   -423.72  -79.92   -259.31  0.00     0.00     0.00     -20.33   0.00     0.00     -655.31 
205      0.71     10.50    -73.74   200.40   -416.89  -80.11   -260.10  0.00     0.00     0.00     -21.28   0.00     0.00     -651.72 
206      0.72     10.45    -72.68   213.33   -426.84  -81.12   -256.79  0.00     0.00     0.00     -21.06   0.00     0.00     -645.18 
207      0.72     10.42    -71.77   206.23   -423.58  -85.73   -252.93  0.00     0.00     0.00     -19.16   0.00     0.00     -646.94 
208      0.72     10.35    -72.42   224.95   -426.82  -85.11   -254.78  0.00     0.00     0.00     -20.50   0.00     0.00     -634.69 
209      0.72     10.32    -73.32   202.22   -425.77  -87.26   -253.25  0.00     0.00     0.00     -18.72   0.00     0.00     -656.09 
210      0.72     10.33    -72.92   234.83   -428.04  -88.98   -251.36  0.00     0.00     0.00     -17.92   0.00     0.00     -624.37 
211      0.72     10.32    -71.53   207.37   -431.93  -88.48   -250.17  0.00     0.00     0.00     -19.33   0.00     0.00     -654.07 
212      0.71     10.39    -66.88   224.11   -435.31  -84.66   -248.79  0.00     0.00     0.00     -17.82   0.00     0.00     -629.34 
213      0.70     10.41    -67.43   212.85   -432.83  -86.56   -251.34  0.00     0.00     0.00     -18.98   0.00     0.00     -644.29 
214      0.70     10.47    -67.61   193.35   -435.97  -83.72   -254.59  0.00     0.00     0.00     -18.99   0.00     0.00     -667.53 
215      0.69     10.50    -73.39   203.62   -421.91  -82.29   -254.72  0.00     0.00     0.00     -18.27   0.00     0.00     -646.96 
216      0.68     10.53    -66.00   191.76   -432.01  -81.80   -254.55  0.00     0.00     0.00     -18.38   0.00     0.00     -660.98 
217      0.67     10.60    -46.38   211.74   -433.24  -76.06   -255.89  0.00     0.00     0.00     -18.47   0.00     0.00     -618.32 
218      0.67     10.62    -69.14   200.43   -430.33  -80.45   -258.74  0.00     0.00     0.00     -19.97   0.00     0.00     -658.20 
219      0.67     10.63    -73.99   240.22   -428.47  -80.26   -257.23  0.00     0.00     0.00     -20.59   0.00     0.00     -620.32 
220      0.67     10.58    -73.43   224.52   -431.60  -78.38   -255.54  0.00     0.00     0.00     -21.10   0.00     0.00     -635.54 
221      0.68     10.51    -67.78   211.25   -431.62  -80.98   -252.14  0.00     0.00     0.00     -19.16   0.00     0.00     -640.44 
222      0.68     10.45    -68.45   215.81   -441.86  -80.88   -253.47  0.00     0.00     0.00     -20.62   0.00     0.00     -649.48 
223      0.68     10.39    -69.45   204.53   -435.24  -81.66   -254.62  0.00     0.00     0.00     -20.58   0.00     0.00     -657.03 
224      0.69     10.33    -62.44   226.10   -434.35  -86.80   -256.06  0.00     0.00     0.00     -21.35   0.00     0.00     -634.90 
225      0.70     10.28    -60.47   204.35   -423.23  -85.32   -254.70  0.00     0.00     0.00     -19.74   0.00     0.00     -639.11 
226      0.72     10.27    -57.31   206.05   -425.43  -88.56   -256.09  0.00     0.00     0.00     -18.72   0.00     0.00     -640.06 
227      0.75     10.24    -73.82   192.92   -427.53  -89.18   -262.75  0.00     0.00     0.00     -20.99   0.00     0.00     -681.35 
228      0.78     10.22    -69.33   204.11   -426.91  -84.50   -265.97  0.00     0.00     0.00     -20.40   0.00     0.00     -662.99 
229      0.79     10.17    -56.22   196.29   -433.60  -82.24   -262.43  0.00     0.00     0.00     -20.64   0.00     0.00     -658.85 
230      0.80     10.15    -65.38   193.06   -431.82  -86.17   -261.02  0.00     0.00     0.00     -20.78   0.00     0.00     -672.11 
231      0.80     10.12    -67.04   188.49   -425.53  -85.92   -264.34  0.00     0.00     0.00     -20.14   0.00     0.00     -674.48 
232      0.82     10.17    -71.01   195.32   -419.38  -87.85   -262.94  0.00     0.00     0.00     -20.44   0.00     0.00     -666.30 
233      0.85     10.19    -75.36   171.85   -433.47  -83.37   -266.43  0.00     0.00     0.00     -19.51   0.00     0.00     -706.29 
234      0.85     10.26    -75.48   185.91   -437.00  -80.52   -268.69  0.00     0.00     0.00     -18.77   0.00     0.00     -694.55 
235      0.85     10.25    -69.65   188.18   -440.52  -82.78   -265.12  0.00     0.00     0.00     -18.77   0.00     0.00     -688.65 
236      0.84     10.30    -67.17   190.56   -436.91  -86.11   -264.58  0.00     0.00     0.00     -20.26   0.00     0.00     -684.46 
237      0.82     10.29    -72.87   176.06   -436.52  -82.11   -266.97  0.00     0.00     0.00     -19.59   0.00     0.00     -702.00 
238      0.81     10.28    -72.88   190.22   -428.37  -84.08   -263.07  0.00     0.00     0.00     -19.03   0.00     0.00     -677.22 
239      0.80     10.25    -70.11   170.17   -428.90  -83.74   -258.59  0.00     0.00     0.00     -19.71   0.00     0.00     -690.88 
240      0.79     10.22    -68.74   194.42   -434.92  -84.69   -259.68  0.00     0.00     0.00     -21.16   -0.00    0.00     -674.77 
241      0.77     10.25    -72.52   176.49   -443.06  -84.20   -263.22  0.00     0.00     0.00     -21.51   -0.00    0.00     -708.02 
242      0.77     10.28    -69.09   173.06   -440.31  -85.48   -264.81  0.00     0.00     0.00     -21.48   0.00     0.00     -708.12 
243      0.75     10.25    -73.73   174.61   -440.53  -85.18   -261.55  0.00     0.00     0.00     -21.33   0.00     0.00     -707.71 
244      0.74     10.25    -69.34   185.38   -445.43  -90.82   -256.05  0.00     0.00     0.00     -18.82   -0.00    0.00     -695.08 
245      0.74     10.26    -67.40   184.58   -440.89  -91.95   -251.60  0.00     0.00     0.00     -18.14   0.00     0.00     -685.38 
246      0.73     10.28    -64.80   168.18   -430.66  -88.70   -251.32  0.00     0.00     0.00     -16.26   0.00     0.00     -683.56 
247      0.74     10.26    -54.56   181.82   -444.18  -90.24   -257.31  0.00     0.00     0.00     -20.74   0.00     0.00     -685.22 
248      0.76     10.19    -45.67   161.15   -441.87  -86.45   -260.14  0.00     0.00     0.00     -20.02   0.00     0.00     -693.01 
249      0.77     10.16    -53.01   184.48   -445.65  -85.07   -265.64  0.00     0.00     0.00     -20.53   0.00     0.00     -685.42 
250      0.77     10.16    -69.11   186.06   -437.52  -84.20   -265.16  0.00     0.00     0.00     -21.67   0.00     0.00     -691.60 
251      0.77     10.20    -73.60   160.62   -433.13  -85.35   -265.91  0.00     0.00     0.00     -20.79   0.00     0.00     -718.17 
252      0.77     10.17    -70.18   181.89   -438.02  -87.51   -265.52  0.00     0.00     0.00     -20.30   0.00     0.00     -699.64 
253      0.77     10.17    -65.19   172.87   -447.98  -85.77   -266.04  0.00     0.00     0.00     -20.88   0.00     0.00     -712.99 
254      0.77     10.16    -56.22   191.38   -442.55  -86.19   -262.94  0.00     0.00     0.00     -20.91   0.00     0.00     -677.43 
255      0.78     10.17    -40.70   177.24   -447.45  -86.79   -263.35  0.00     0.00     0.00     -20.86   -0.00    0.00     -681.90 
256      0.77     10.18    -43.66   181.80   -434.87  -82.45   -263.86  0.00     0.00     0.00     -22.27   -0.00    0.00     -665.31 
257      0.76     10.20    -68.06   191.01   -436.95  -84.06   -261.90  0.00     0.00     0.00     -20.64   -0.00    0.00     -680.59 
258      0.76     10.21    -74.45   166.77   -436.10  -84.93   -263.20  0.00     0.00     0.00     -19.36   -0.00    0.00     -711.27 
259      0.77     10.26    -72.08   183.09   -438.78  -85.26   -268.51  0.00     0.00     0.00     -20.22   -0.00    0.00     -701.77 
260      0.77     10.25    -67.24   171.05   -429.99  -87.19   -267.24  0.00     0.00     0.00     -19.36   -0.00    0.00     -699.97 
261      0.77     10.24    -64.73   158.67   -428.75  -87.36   -267.34  0.00     0.00     0.00     -20.46   -0.00    0.00     -709.96 
262      0.78     10.20    -71.27   170.37   -429.20  -87.21   -265.41  0.00     0.00     0.00     -20.11   -0.00    0.00     -702.82 
263      0.79     10.25    -70.96   175.99   -431.00  -81.39   -266.20  0.00     0.00     0.00     -21.61   -0.00    0.00     -695.18 
264      0.80     10.28    -71.90   170.31   -432.38  -80.91   -267.45  0.00     0.00     0.00     -21.99   -0.00    0.00     -704.32 
265      0.79     10.33    -74.28   170.24   -435.75  -81.05   -265.89  0.00     0.00     0.00     -21.62   -0.00    0.00     -708.36 
266      0.79     10.38    -72.15   198.83   -442.06  -85.31   -263.34  0.00     0.00     0.00     -22.91   -0.00    0.00     -686.94 
267      0.78     10.48    -72.16   175.13   -428.00  -88.19   -260.58  0.00     0.00     0.00     -22.05   -0.00    0.00     -695.84 
268      0.78     10.48    -70.95   179.48   -428.59  -88.34   -258.21  0.00     0.00     0.00     -20.77   -0.00    0.00     -687.37 
269      0.77     10.54    -72.89   181.58   -451.56  -87.58   -257.16  0.00     0.00     0.00     -19.09   -0.00    0.00     -706.70 
270      0.76     10.53    -72.91   175.36   -443.28  -88.44   -255.31  0.00     0.00     0.00     -18.26   -0.00    0.00     -702.85 
271      0.75     10.50    -70.37   210.70   -449.14  -86.06   -255.77  0.00     0.00     0.00     -18.91   0.00     0.00     -669.55 
272      0.75     10.44    -59.17   178.95   -440.45  -85.28   -260.11  0.00     0.00     0.00     -19.39   0.00     0.00     -685.46 
273      0.76     10.39    -64.83   167.02   -440.30  -86.57   -262.49  0.00     0.00     0.00     -20.63   0.00     0.00     -707.81 
274      0.77     10.37    -73.13   165.34   -447.12  -82.85   -262.28  0.00     0.00     0.00     -21.17   0.00     0.00     -721.20 
275      0.75     10.38    -72.08   193.78   -445.12  -86.40   -259.65  0.00     0.00     0.00     -20.77   0.00     0.00     -690.25 
276      0.75     10.42    -74.87   197.88   -439.97  -87.81   -257.43  0.00     0.00     0.00     -20.21   0.00     0.00     -682.41 
277      0.74     10.47    -66.92   166.53   -444.56  -90.23   -257.79  0.00     0.00     0.00     -19.05   0.00     0.00     -712.02 
278      0.73     10.49    -59.71   148.76   -439.37  -88.55   -258.83  0.00     0.00     0.00     -20.07   0.00     0.00     -717.76 
279      0.72     10.54    -60.78   171.18   -441.18  -85.74   -257.67  0.00     0.00     0.00     -19.64   0.00     0.00     -693.83 
280      0.72     10.54    -70.74   157.10   -439.22  -86.30   -261.69  0.00     0.00     0.00     -19.31   0.00     0.00     -720.15 
281      0.73     10.53    -74.22   176.26   -444.82  -88.54   -265.15  0.00     0.00     0.00     -21.23   0.00     0.00     -717.71 
282      0.71     10.58    -51.94   143.28   -438.82  -87.84   -261.45  0.00     0.00     0.00     -19.96   0.00     0.00     -716.73 
283      0.70     10.61    -50.73   150.62   -442.11  -83.22   -256.95  0.00     0.00     0.00     -20.71   0.00     0.00     -703.09 
284      0.69     10.64    -55.83   149.07   -447.60  -86.19   -256.42  0.00     0.00     0.00     -20.66   0.00     0.00     -717.63 
285      0.69     10.61    -43.47   156.23   -446.32  -86.74   -257.40  0.00     0.00     0.00     -20.71   0.00     0.00     -698.41 
286      0.70     10.55    -37.59   149.65   -440.88  -87.40   -257.17  0.00     0.00     0.00     -20.21   0.00     0.00     -693.60 
287      0.70     10.53    -49.83   161.57   -437.88  -87.84   -258.00  0.00     0.00     0.00     -20.09   0.00     0.00     -692.06 
288      0.70     10.54    -66.02   148.20   -439.05  -86.71   -259.14  0.00     0.00     0.00     -21.33   0.00     0.00     -724.05 
289      0.70     10.50    -60.95   170.23   -443.93  -86.96   -260.00  0.00     0.00     0.00     -22.03   0.00     0.00     -703.63 
290      0.71     10.50    -50.32   175.65   -444.61  -88.34   -261.74  0.00     0.00     0.00     -22.97   0.00     0.00     -692.33 
291      0.73     10.47    -51.45   158.33   -439.25  -85.93   -264.77  0.00     0.00     0.00     -23.51   0.00     0.00     -706.58 
292      0.75     10.49    -52.49   165.22   -438.25  -89.43   -267.87  0.00     0.00     0.00     -21.30   0.00     0.00     -704.12 
293      0.76     10.46    -48.66   149.02   -436.08  -84.74   -270.14  0.00     0.00     0.00     -21.76   0.00     0.00     -712.36 
294      0.76     10.39    -39.30   151.28   -433.21  -85.42   -265.81  0.00     0.00     0.00     -20.85   0.00     0.00     -693.31 
295      0.77     10.31    -31.25   143.73   -437.16  -88.40   -266.32  0.00     0.00     0.00     -19.92   0.00     0.00     -699.32 
296      0.77     10.26    -37.76   143.96   -435.43  -91.06   -265.51  0.00     0.00     0.00     -20.04   0.00     0.00     -705.84 
297      0.77     10.25    -39.99   156.70   -438.55  -85.22   -265.63  0.00     0.00     0.00     -21.67   0.00     0.00     -694.34 
298      0.78     10.28    -37.93   153.25   -437.83  -88.76   -267.02  0.00     0.00     0.00     -20.16   0.00     0.00     -698.45 
299      0.78     10.29    -38.94   165.16   -441.53  -89.27   -265.58  0.00     0.00     0.00     -21.07   0.00     0.00     -691.23 
300      0.79     10.30    -33.91   152.52   -432.90  -89.76   -262.49  0.00     0.00     0.00     -20.21   0.00     0.00     -686.76 
301      0.80     10.31    -29.94   158.06   -439.55  -89.24   -262.69  0.00     0.00     0.00     -22.20   0.00     0.00     -685.56 
302      0.80     10.30    -27.88   150.23   -439.09  -90.17   -263.65  0.00     0.00     0.00     -21.32   0.00     0.00     -691.88 
303      0.82     10.26    -29.86   160.05   -436.87  -88.36   -267.48  0.00     0.00     0.00     -21.22   0.00     0.00     -683.73 
304      0.82     10.24    -34.33   148.46   -440.31  -88.73   -267.19  0.00     0.00     0.00     -21.78   0.00     0.00     -703.88 
305      0.81     10.25    -35.57   145.92   -438.58  -87.16   -265.79  0.00     0.00     0.00     -21.26   0.00     0.00     -702.44 
306      0.81     10.27    -49.15   133.76   -441.58  -85.83   -270.66  0.00     0.00     0.00     -22.96   0.00     0.00     -736.40 
307      0.81     10.27    -69.62   147.59   -431.33  -85.41   -271.30  0.00     0.00     0.00     -22.44   -0.00    0.00     -732.51 
308      0.80     10.33    -73.12   146.49   -441.43  -89.37   -267.27  0.00     0.00     0.00     -20.38   -0.00    0.00     -745.09 
309      0.80     10.37    -73.40   157.16   -442.45  -84.50   -265.05  0.00     0.00     0.00     -19.20   -0.00    0.00     -727.46 
310      0.80     10.39    -73.69   140.93   -440.57  -87.12   -269.49  0.00     0.00     0.00     -20.60   -0.00    0.00     -750.55 
311      0.81     10.34    -69.85   157.11   -444.48  -89.00   -271.21  0.00     0.00     0.00     -22.07   -0.00    0.00     -739.50 
312      0.82     10.32    -73.43   156.02   -440.85  -89.52   -269.95  0.00     0.00     0.00     -21.08   -0.00    0.00     -738.81 
313      0.82     10.25    -71.70   152.41   -441.89  -89.68   -271.29  0.00     0.00     0.00     -21.04   0.00     0.00     -743.19 
314      0.83     10.21    -72.50   146.10   -446.16  -89.85   -272.84  0.00     0.00     0.00     -20.28   0.00     0.00     -755.53 
315      0.82     10.19    -67.65   152.93   -445.85  -87.41   -268.73  0.00     0.00     0.00     -18.72   0.00     0.00     -735.43 
316      0.82     10.15    -66.69   147.17   -445.13  -89.08   -267.13  0.00     0.00     0.00     -20.56   0.00     0.00     -741.41 
317      0.81     10.13    -70.94   152.15   -439.80  -90.50   -266.84  0.00     0.00     0.00     -21.20   -0.00    0.00     -737.13 
318      0.82     10.13    -66.77   140.78   -447.06  -87.97   -267.97  0.00     0.00     0.00     -21.09   -0.00    0.00     -750.08 
319      0.81     10.11    -67.58   147.34   -448.64  -91.80   -270.79  0.00     0.00     0.00     -22.66   -0.00    0.00     -754.13 
320      0.81     10.16    -71.49   136.85   -445.88  -91.15   -269.00  0.00     0.00     0.00     -20.76   -0.00    0.00     -761.44 
321      0.80     10.18    -70.53   149.42   -452.02  -90.14   -268.74  0.00     0.00     0.00     -20.30   -0.00    0.00     -752.32 
322      0.79     10.16    -74.98   134.38   -439.18  -87.71   -268.56  0.00     0.00     0.00     -20.84   -0.00    0.00     -756.90 
323      0.79     10.14    -76.21   160.18   -441.58  -91.56   -272.97  0.00     0.00     0.00     -21.33   -0.00    0.00     -743.48 
324      0.79     10.14    -68.77   151.85   -442.62  -89.25   -274.09  0.00     0.00     0.00     -22.13   -0.00    0.00     -745.00 
325      0.80     10.10    -60.48   142.72   -438.56  -88.28   -275.78  0.00     0.00     0.00     -23.34   -0.00    0.00     -743.71 
326      0.79     10.10    -65.10   160.97   -440.38  -89.96   -274.38  0.00     0.00     0.00     -21.96   -0.00    0.00     -730.80 
327      0.78     10.11    -70.55   149.58   -440.10  -90.34   -272.75  0.00     0.00     0.00     -21.50   -0.00    0.00     -745.66 
328      0.78     10.11    -72.54   154.60   -441.93  -90.82   -271.35  0.00     0.00     0.00     -21.67   -0.00    0.00     -743.71 
329      0.77     10.10    -70.03   145.16   -439.84  -90.61   -268.08  0.00     0.00     0.00     -21.56   -0.00    0.00     -744.96 
330      0.77     10.09    -74.64   140.35   -434.42  -89.89   -272.03  0.00     0.00     0.00     -22.01   -0.00    0.00     -752.65 
331      0.77     10.13    -72.73   146.93   -434.79  -89.78   -270.86  0.00     0.00     0.00     -21.10   -0.00    0.00     -742.32 
332      0.78     10.14    -73.03   127.63   -439.09  -89.43   -271.04  0.00     0.00     0.00     -20.35   -0.00    0.00     -765.30 
333      0.80     10.14    -72.98   146.91   -444.94  -86.93   -272.71  0.00     0.00     0.00     -21.40   -0.00    0.00     -752.04 
334      0.80     10.16    -73.22   138.43   -442.34  -89.87   -271.06  0.00     0.00     0.00     -20.55   -0.00    0.00     -758.61 
335      0.80     10.14    -70.82   149.39   -436.83  -85.67   -267.68  0.00     0.00     0.00     -19.82   -0.00    0.00     -731.43 
336      0.80     10.15    -73.31   139.04   -441.94  -89.40   -267.35  0.00     0.00     0.00     -20.20   -0.00    0.00     -753.18 
337      0.80     10.13    -73.00   148.57   -440.56  -87.03   -268.67  0.00     0.00     0.00     -20.72   -0.00    0.00     -741.42 
338      0.79     10.18    -74.57   154.14   -445.45  -88.39   -269.31  0.00     0.00     0.00     -21.37   -0.00    0.00     -744.96 
339      0.79     10.18    -72.96   147.10   -446.43  -87.80   -268.17  0.00     0.00     0.00     -20.73   -0.00    0.00     -748.99 
340      0.79     10.21    -72.37   127.84   -436.15  -89.90   -271.11  0.00     0.00     0.00     -21.07   -0.00    0.00     -762.76 
341      0.78     10.17    -71.83   132.91   -448.65  -89.68   -270.25  0.00     0.00     0.00     -22.41   -0.00    0.00     -769.91 
342      0.77     10.17    -66.86   133.94   -444.90  -88.93   -270.35  0.00     0.00     0.00     -21.93   -0.00    0.00     -759.03 
343      0.77     10.16    -72.54   128.75   -441.19  -90.39   -270.15  0.00     0.00     0.00     -22.14   -0.00    0.00     -767.66 
344      0.77     10.19    -74.24   134.82   -438.04  -92.08   -272.03  0.00     0.00     0.00     -20.74   -0.00    0.00     -762.30 
345      0.77     10.18    -74.09   136.69   -441.89  -88.91   -273.10  0.00     0.00     0.00     -22.62   -0.00    0.00     -763.93 
346      0.75     10.26    -72.50   115.69   -440.69  -91.03   -271.37  0.00     0.00     0.00     -22.36   -0.00    0.00     -782.25 
347      0.75     10.31    -72.81   140.80   -444.81  -88.38   -270.29  0.00     0.00     0.00     -22.01   -0.00    0.00     -757.49 
348      0.73     10.33    -66.41   110.27   -441.12  -89.85   -267.65  0.00     0.00     0.00     -21.33   -0.00    0.00     -776.09 
349      0.73     10.35    -61.43   126.54   -447.16  -90.76   -266.88  0.00     0.00     0.00     -21.24   -0.00    0.00     -760.92 
350      0.72     10.39    -67.79   125.15   -444.10  -90.86   -267.76  0.00     0.00     0.00     -21.09   -0.00    0.00     -766.46 
351      0.73     10.36    -69.00   128.51   -441.30  -88.88   -268.18  0.00     0.00     0.00     -22.82   -0.00    0.00     -761.67 
352      0.73     10.34    -67.47   125.25   -440.81  -89.17   -267.84  0.00     0.00     0.00     -23.13   -0.00    0.00     -763.16 
353      0.74     10.32    -71.96   117.94   -441.47  -87.99   -272.74  0.00     0.00     0.00     -23.30   0.00     0.00     -779.52 
354      0.74     10.32    -74.18   116.51   -446.58  -91.88   -273.11  0.00     0.00     0.00     -23.24   0.00     0.00     -792.49 
355      0.75     10.33    -74.94   132.30   -444.55  -93.17   -270.18  0.00     0.00     0.00     -22.11   0.00     0.00     -772.65 
356      0.76     10.33    -73.42   123.96   -447.53  -92.49   -268.65  0.00     0.00     0.00     -20.53   0.00     0.00     -778.65 
357      0.78     10.30    -73.61   124.41   -446.82  -90.80   -270.42  0.00     0.00     0.00     -22.66   -0.00    0.00     -779.90 
358      0.80     10.26    -70.60   124.08   -450.19  -91.13   -268.76  0.00     0.00     0.00     -22.33   -0.00    0.00     -778.94 
359      0.81     10.28    -62.74   131.19   -450.25  -90.12   -269.28  0.00     0.00     0.00     -22.74   -0.00    0.00     -763.95 
360      0.81     10.28    -74.05   125.74   -447.19  -90.99   -269.81  0.00     0.00     0.00     -22.43   -0.00    0.00     -778.73 
361      0.81     10.28    -73.44   114.23   -444.84  -86.94   -272.11  0.00     0.00     0.00     -21.31   -0.00    0.00     -784.41 
362      0.81     10.32    -73.80   115.05   -448.29  -88.27   -272.18  0.00     0.00     0.00     -21.63   -0.00    0.00     -789.12 
363      0.80     10.30    -75.19   108.97   -448.93  -90.57   -271.22  0.00     0.00     0.00     -21.62   -0.00    0.00     -798.55 
364      0.79     10.30    -69.22   113.02   -448.75  -92.99   -270.09  0.00     0.00     0.00     -21.17   -0.00    0.00     -789.18 
365      0.80     10.28    -64.81   102.21   -453.46  -87.18   -271.33  0.00     0.00     0.00     -21.75   -0.00    0.00     -796.31 
366      0.80     10.27    -73.18   104.53   -448.57  -90.71   -273.39  0.00     0.00     0.00     -20.94   -0.00    0.00     -802.25 
367      0.79     10.24    -69.34   104.53   -448.46  -89.53   -274.84  0.00     0.00     0.00     -22.04   -0.00    0.00     -799.68 
368      0.79     10.22    -64.59   109.13   -442.74  -90.82   -274.32  0.00     0.00     0.00     -22.63   -0.00    0.00     -785.96 
369      0.79     10.18    -72.15   105.84   -448.87  -91.40   -273.19  0.00     0.00     0.00     -22.87   -0.00    0.00     -802.63 
370      0.78     10.14    -76.51   110.48   -450.78  -91.68   -271.02  0.00     0.00     0.00     -21.67   -0.00    0.00     -801.16 
371      0.78     10.10    -70.81   112.43   -451.23  -90.20   -268.55  0.00     0.00     0.00     -21.44   -0.00    0.00     -789.80 
372      0.78     10.08    -70.80   114.24   -450.83  -92.65   -269.46  0.00     0.00     0.00     -21.98   -0.00    0.00     -791.48 
373      0.77     10.06    -73.73   106.53   -445.38  -93.70   -268.92  0.00     0.00     0.00     -22.94   -0.00    0.00     -798.14 
374      0.77     10.04    -73.52   123.04   -440.68  -94.24   -269.25  0.00     0.00     0.00     -23.11   -0.00    0.00     -777.75 
375      0.78     10.01    -74.09   120.36   -447.86  -94.15   -271.51  0.00     0.00     0.00     -23.05   -0.00    0.00     -790.29 
376      0.79     10.02    -74.31   106.06   -445.27  -94.71   -274.08  0.00     0.00     0.00     -22.96   -0.00    0.00     -805.28 
377      0.80     10.01    -71.38   114.67   -445.70  -95.94   -272.44  0.00     0.00     0.00     -22.10   -0.00    0.00     -792.90 
378      0.80     9.96     -70.28   113.06   -447.59  -97.83   -274.40  0.00     0.00     0.00     -21.42   -0.00    0.00     -798.46 
379      0.80     9.96     -68.45   121.57   -448.99  -95.08   -275.49  0.00     0.00     0.00     -22.24   -0.00    0.00     -788.69 
380      0.80     9.97     -72.14   106.62   -444.38  -92.79   -274.85  0.00     0.00     0.00     -22.37   -0.00    0.00     -799.90 
381      0.79     9.98     -74.16   113.33   -441.62  -93.41   -275.00  0.00     0.00     0.00     -21.70   -0.00    0.00     -792.56 
382      0.79     9.97     -72.79   109.31   -449.27  -94.24   -275.55  0.00     0.00     0.00     -22.22   -0.00    0.00     -804.76 
383      0.78     9.97     -74.18   101.91   -447.58  -93.57   -273.18  0.00     0.00     0.00     -21.36   -0.00    0.00     -807.97 
384      0.78     9.97     -71.19   106.92   -444.67  -96.14   -273.19  0.00     0.00     0.00     -21.58   -0.00    0.00     -799.86 
385      0.78     9.98     -68.44   111.86   -445.20  -96.13   -273.29  0.00     0.00     0.00     -22.31   -0.00    0.00     -793.52 
386      0.77     10.01    -69.40   95.62    -450.81  -94.16   -272.11  0.00     0.00     0.00     -21.91   -0.00    0.00     -812.77 
387      0.77     10.06    -72.42   101.31   -448.06  -96.33   -270.60  0.00     0.00     0.00     -21.56   -0.00    0.00     -807.67 
388      0.77     10.09    -73.71   99.60    -444.89  -93.52   -270.52  0.00     0.00     0.00     -21.58   -0.00    0.00     -804.62 
389      0.77     10.12    -73.60   117.18   -446.92  -96.84   -270.25  0.00     0.00     0.00     -22.14   -0.00    0.00     -792.56 
390      0.77     10.11    -73.50   97.55    -445.30  -94.34   -272.28  0.00     0.00     0.00     -22.45   -0.00    0.00     -810.33 
391      0.77     10.10    -73.08   110.41   -449.46  -92.04   -270.82  0.00     0.00     0.00     -19.75   -0.00    0.00     -794.75 
392      0.77     10.08    -71.13   101.53   -451.00  -94.64   -269.18  0.00     0.00     0.00     -20.81   -0.00    0.00     -805.23 
393      0.78     10.04    -69.32   101.13   -446.77  -96.55   -269.40  0.00     0.00     0.00     -21.31   -0.00    0.00     -802.23 
394      0.78     10.03    -67.44   98.90    -448.63  -95.64   -270.98  0.00     0.00     0.00     -20.70   -0.00    0.00     -804.49 
395      0.77     10.03    -67.05   99.77    -447.94  -92.57   -271.95  0.00     0.00     0.00     -22.05   -0.00    0.00     -801.79 
396      0.77     10.06    -67.20   99.01    -451.29  -96.44   -272.21  0.00     0.00     0.00     -21.32   -0.00    0.00     -809.45 
397      0.77     10.10    -66.70   96.18    -449.41  -94.97   -274.21  0.00     0.00     0.00     -22.08   -0.00    0.00     -811.19 
398      0.76     10.12    -72.89   96.94    -450.03  -94.75   -274.29  0.00     0.00     0.00     -22.28   -0.00    0.00     -817.30 
399      0.76     10.10    -74.05   101.39   -450.97  -95.07   -273.55  0.00     0.00     0.00     -21.56   -0.00    0.00     -813.82 
400      0.76     10.06    -70.38   96.52    -449.54  -94.69   -273.66  0.00     0.00     0.00     -21.34   -0.00    0.00     -813.10 
401      0.77     10.02    -74.00   95.66    -448.16  -96.80   -275.78  0.00     0.00     0.00     -21.64   -0.00    0.00     -820.71 
