[ABC]
0.483 0.703 -0.186
0.444 0.235 0.321
0.841 0.893 -0.734

[Chain]
60.0 60.0 60.0
2.459108 2.519591 2.466597

[Chi]
60.0 -0.71

[Rama]
2.0
5
1.3149 15.398 0.15 1.74 0.65 -2.138
1.32016 49.0521 0.25 1.265 0.45 0.318
1.0264 49.0954 0.65 -1.041 0.25 -0.78
2.0 419.0 1.0 0.995 1.0 0.820
2.0 15.398 1.0 2.25 1.0 -2.16

[Rama_P]
3
0.0    0.0 1.0   0.0  1.0   0.0
2.17 105.52 1.0 1.153 0.15  -2.4
2.15 109.09 1.0  0.95 0.15 0.218
0.0    0.0 1.0   0.0  2.0   0.0
0.0    0.0 1.0   0.0  2.0   0.0

[SSWeight]
0 0 0 1 1 0
0 0 0 0 0 0

[AMH-Go]
0.8
1.0
7.0
0

[Epsilon]
1


[Membrane]
1
0.0
0.2
0 0 0
0
30
5
0
1 1 1 1
1 1 1 1
1 1 1 1
