Steps, Qw, Rg, Tc, Energy
0, 0.00547156536330114, 58.0902347444659, 1, 5843.91346075154
4000, 0.104800032371125, 22.8652110754391, 17, -18934.5190982519
8000, 0.166598404714909, 18.4884407122814, 48, -24160.9205975377
12000, 0.152894755738794, 17.8004735698612, 35, -25863.9749832104
16000, 0.227607575982803, 15.2322920294243, 43, -27625.183605963
20000, 0.1820565212679, 17.9907728205315, 42, -29026.445305295
24000, 0.184002648969673, 17.7388776534102, 54, -30844.8697923794
28000, 0.23136140203844, 16.2280060793939, 42, -30826.9792098993
32000, 0.236712458426794, 16.1722748916596, 49, -31897.9620182424
36000, 0.236993823283869, 15.9784692255453, 48, -31086.6018926116
40000, 0.282767485901414, 14.0948995146552, 61, -31520.0639801923
44000, 0.276002736264615, 13.9655905300657, 52, -30671.3566230124
48000, 0.284281060439701, 12.6411423116739, 47, -30077.8079729646
52000, 0.272553885142522, 12.7330725895299, 54, -30326.9081672959
56000, 0.232781847986333, 15.062441409299, 52, -30467.1823443517
60000, 0.239587865424539, 15.4180833887484, 51, -29477.3849584538
64000, 0.283455373119623, 13.186658932501, 55, -29067.3724394308
68000, 0.278731931314965, 14.1459285471977, 60, -31404.2049298597
72000, 0.262228571285451, 13.8922242902262, 56, -29925.932157369
76000, 0.32482514008473, 12.5181808872939, 53, -29443.7394293565
80000, 0.272486658745617, 14.3039375418598, 47, -30317.3544116078
84000, 0.297734846625104, 12.7059059086539, 53, -30623.4219998281
88000, 0.281180460717507, 13.2250820695071, 62, -30813.2423676469
92000, 0.291127066225255, 12.6241586984125, 62, -31425.3149902794
96000, 0.259684191195789, 13.4657475799998, 62, -30255.001851209
100000, 0.277207233360985, 12.9495269740497, 59, -30302.9002489922
104000, 0.281029567654593, 12.9463878112051, 57, -31482.5092740928
108000, 0.310693609597101, 13.6497211623737, 58, -30692.7276501672
112000, 0.26843289558845, 15.278558814802, 59, -31435.9146959639
116000, 0.306129761269675, 13.8075354439446, 58, -30325.885119302
120000, 0.326701497217841, 12.4210784196316, 58, -31144.4663744242
124000, 0.320265679041496, 11.8435258700933, 55, -30753.4827151727
128000, 0.349469424116615, 11.4507919885808, 65, -32068.5605720124
132000, 0.396421392880946, 12.0525124031938, 62, -30837.1621868911
136000, 0.39255357677922, 12.400381650712, 54, -31144.9414497107
140000, 0.320919701077281, 12.2204794601552, 48, -30160.5584360683
144000, 0.299196888798733, 13.4022513768934, 61, -30863.1752299003
148000, 0.29648034670311, 12.8605571261181, 50, -29657.7464489559
152000, 0.329661214993408, 12.6513035307564, 54, -31060.2334191056
156000, 0.268565004665287, 13.2553913654879, 44, -30065.3431052143
160000, 0.294836461776469, 13.0314563227441, 56, -30325.7470410986
164000, 0.280499256043748, 12.9789835175918, 55, -30357.613249396
168000, 0.262909365522044, 14.606778403625, 53, -30711.6197649738
172000, 0.287283420478444, 13.8143734726441, 44, -30896.295669384
176000, 0.238679398453302, 14.6598940923811, 50, -31020.1646018066
180000, 0.248392217387755, 13.6691825285862, 45, -30430.3934689297
184000, 0.297151431203376, 12.8890672946364, 57, -31106.092630491
188000, 0.311503700003887, 11.9785940493018, 64, -30636.9410217678
192000, 0.288461057338887, 11.8882285979491, 65, -30569.440512359
196000, 0.320750498328176, 12.0027395152371, 61, -30799.0021789405
200000, 0.317848561492171, 12.690233991702, 65, -31896.5508285252
204000, 0.301145306178446, 12.7689436966145, 59, -31167.895170469
208000, 0.288145642638785, 12.653985318549, 61, -31693.4625350489
212000, 0.291559324959281, 12.7225362865362, 51, -29692.2681663314
216000, 0.328767473506216, 13.4266515238143, 62, -30770.8296988516
220000, 0.360513770226641, 12.7788112813069, 68, -30562.723269314
224000, 0.360709096892965, 12.4961104501996, 60, -31978.5585509483
228000, 0.320603134168946, 12.6286105305457, 58, -31660.0326817184
232000, 0.365095480607903, 12.0851198207252, 64, -31583.5891046658
236000, 0.363675795967553, 12.85648154457, 65, -31349.5691309085
240000, 0.308249538526262, 13.2140127733907, 65, -30460.2928572422
244000, 0.35479313309556, 13.7258518687549, 58, -31195.5052917946
248000, 0.316388566630044, 13.6543953807807, 66, -31210.2375767042
252000, 0.265587739661917, 15.2152169642099, 55, -31051.9360237244
256000, 0.35320123185238, 12.5793506017072, 64, -31514.5058720832
260000, 0.352246397108278, 12.0078564563402, 64, -31510.3890416344
264000, 0.311088960713288, 14.8099123343666, 61, -31352.1697621945
268000, 0.323935288995088, 13.9843517744541, 52, -31079.5824522988
272000, 0.273893308901321, 14.3170177201907, 54, -30549.8015623791
276000, 0.281456023033751, 13.9926335523395, 62, -30794.0652607201
280000, 0.252416507104009, 12.4769532021919, 59, -30191.8674423081
284000, 0.282122415472302, 12.8034905558091, 59, -30107.8519450451
288000, 0.325394543549189, 13.3570117610642, 64, -31787.2230947498
292000, 0.286609448698266, 12.8238590313851, 55, -31270.3813945337
296000, 0.293066706494958, 12.6913137064758, 62, -31432.52301194
300000, 0.291573387535461, 13.0726266664329, 58, -31508.9103944017
304000, 0.287363474509012, 13.7452463146908, 59, -31500.1354802185
308000, 0.238211389582238, 14.2459857605046, 52, -30468.8445256112
312000, 0.29349966652692, 13.8071643265664, 61, -31328.8529966847
316000, 0.222880137669944, 13.735621817296, 46, -30569.7675145799
320000, 0.302143015613103, 13.8466873812766, 59, -31184.7879821634
324000, 0.320170622587084, 13.09053378445, 67, -32737.0588203163
328000, 0.310093781007528, 12.55991349462, 62, -31662.9323542617
332000, 0.328507282300772, 12.673465906401, 59, -31707.9825617318
336000, 0.296046246334568, 13.5079303468894, 56, -31096.8900269431
340000, 0.260235378539264, 17.3265213049327, 44, -30714.599995919
344000, 0.284159509506323, 16.1300678708839, 60, -31186.182869823
348000, 0.253851960866665, 15.4372575315076, 68, -31387.0300360699
352000, 0.341329619471103, 12.8426895974076, 58, -31429.3412335462
356000, 0.291527560436691, 14.5709682055215, 52, -31438.5501713471
360000, 0.233395588455503, 14.3820423574385, 54, -30201.4291728371
364000, 0.295186797064878, 14.610710381571, 49, -31130.3576420156
368000, 0.301192228832043, 14.6746997809129, 50, -30763.1800062339
372000, 0.320149427558554, 14.1145293246193, 49, -30508.6498713409
376000, 0.36418421811817, 14.0923972037024, 66, -31442.41118609
380000, 0.390964411447059, 13.2495782017997, 71, -31289.2510694664
384000, 0.401021714441405, 12.4327764357913, 61, -31602.8191529054
388000, 0.331098196695629, 12.6990218365357, 64, -31611.2288623537
392000, 0.39899675353002, 12.9866324316448, 68, -32371.6795871453
396000, 0.405806271475594, 12.8416216931139, 58, -31331.5535766593
400000, 0.438117208678927, 11.5413405321548, 72, -31685.0521727402
404000, 0.345631953017592, 13.4274748440569, 59, -30161.0822941303
408000, 0.312666950944274, 13.9457387725417, 58, -31259.0382800853
412000, 0.280866111923202, 14.3335820844179, 61, -31986.562895486
416000, 0.280975112166244, 15.0225753741851, 57, -31027.6083850263
420000, 0.283999398773221, 14.7545812949794, 58, -31178.3682668229
424000, 0.250543730253252, 15.8806693835058, 44, -29833.2068676606
428000, 0.321717639633542, 12.3423325436205, 56, -31082.3863238613
432000, 0.297610139730196, 14.5464569103189, 54, -30829.9956663192
436000, 0.388486398889426, 12.7003580184755, 47, -31131.736998695
440000, 0.306424758594761, 13.6444332570771, 45, -30649.2704087181
444000, 0.344986374883928, 12.6019942056171, 55, -30783.4369298363
448000, 0.304725121515803, 13.6552125791867, 54, -32388.1514663457
452000, 0.361011930264023, 12.6318013900758, 57, -31173.4832859727
456000, 0.353256164001159, 12.3153673704259, 60, -31253.0455238372
460000, 0.270036469499416, 14.0654572480203, 52, -30875.0252441148
464000, 0.34407243017179, 12.4727625102002, 70, -31688.8616803901
468000, 0.337321793663, 12.8663814954829, 59, -31353.088852149
472000, 0.343154540502661, 12.2773587451949, 61, -31500.6078435924
476000, 0.348040906759571, 12.6465174415345, 68, -31036.6605519828
480000, 0.328646065252575, 11.8020600949182, 61, -31889.6560471769
484000, 0.355654849417766, 11.9974339284644, 63, -31597.3120537323
488000, 0.417761328455615, 11.5480222527815, 57, -30559.0837865151
492000, 0.499393676720523, 11.3634447219254, 66, -31598.492508056
496000, 0.340473812064357, 11.6006808926084, 51, -32109.4427955299
500000, 0.328571582343838, 12.0230633993267, 56, -30025.7028550363
504000, 0.339751802566788, 11.3037166165613, 75, -31596.7176422286
508000, 0.32715932494635, 12.3361873585223, 66, -31895.4998391146
512000, 0.474125968514917, 10.8998105470052, 63, -32277.1439642527
516000, 0.382684626567369, 11.3003391892841, 72, -31918.2766769065
520000, 0.357362486988456, 12.0911511974943, 60, -32125.50390352
524000, 0.377277542787401, 11.3836783319681, 62, -31770.7270662287
528000, 0.324590314210445, 11.875328927519, 70, -31403.6742137792
532000, 0.354419879112791, 12.0981091744886, 64, -31960.1180266488
536000, 0.371444040545203, 11.4020750682214, 66, -31726.8574890206
540000, 0.408383422960861, 11.3401831110239, 63, -31153.5344440486
544000, 0.321288633995124, 12.3361099970093, 64, -31698.0886891031
548000, 0.374076440468525, 11.8845305141792, 65, -32448.5713520801
552000, 0.337581040650294, 11.6548728095014, 65, -31011.424869716
556000, 0.419353070318924, 11.2141455696222, 60, -32077.9010212711
560000, 0.337864192704204, 12.3273376231101, 64, -31259.6176965787
564000, 0.367556332096013, 12.126450485716, 53, -31812.3642124817
568000, 0.314363918634589, 12.8639640965281, 59, -31996.51011952
572000, 0.384761353054846, 13.8345863599894, 58, -31411.5078774573
576000, 0.48048328128577, 12.1202948994783, 69, -31534.8929136656
580000, 0.372612457492328, 11.9616466602194, 61, -31475.7822769955
584000, 0.440478396700955, 11.5291791004057, 61, -31917.0564253207
588000, 0.411195261336722, 11.3947403944244, 62, -30296.1440896936
592000, 0.414559395336, 11.716228409576, 61, -31015.5177580176
596000, 0.421447541505787, 11.6952272609143, 54, -32265.9733151558
600000, 0.503668909431214, 10.8326895666476, 62, -31941.8721374744
604000, 0.482577472532503, 11.240160473865, 67, -32060.4293671638
608000, 0.491772933995237, 11.381331041625, 56, -32051.829130397
612000, 0.435259642655691, 11.7445742887976, 62, -31912.1452038236
616000, 0.515763912997354, 11.7106672366636, 60, -32456.8823899858
620000, 0.40587138902222, 12.2334695703004, 53, -31889.6981626712
624000, 0.352065641381467, 12.8031885574503, 52, -32035.6805427425
628000, 0.319280045814252, 12.6133538532747, 56, -32266.316679036
632000, 0.329458746085154, 12.4935926714225, 64, -31503.2025409997
636000, 0.473295066462515, 11.3684560028061, 63, -31791.6581390845
640000, 0.535815817288049, 10.8253167867165, 64, -32725.8453439851
644000, 0.461418619866729, 11.9947404373217, 58, -31302.3744999555
648000, 0.41867594732731, 11.9604815860299, 67, -32063.2601998404
652000, 0.367264165240738, 11.7465163060341, 70, -31501.5371414869
656000, 0.452813504516835, 11.2924475769069, 66, -32217.8039628189
660000, 0.5082902265804, 10.596877889099, 80, -32313.864297262
664000, 0.330034743476489, 11.590890001979, 62, -31747.8959423904
668000, 0.374164489142461, 11.2787259546732, 57, -31261.0783023882
672000, 0.344061579625861, 13.1800108583855, 65, -31827.6333526669
676000, 0.389304665713324, 11.862992492396, 61, -31333.0154301664
680000, 0.358477505153515, 12.3128318709165, 70, -32234.1269627618
684000, 0.338380118617374, 12.2653886193305, 67, -31759.5442211888
688000, 0.384315450369936, 12.0261295770738, 64, -32363.0556619934
692000, 0.32776658001136, 12.996581977203, 59, -31444.2393147068
696000, 0.33729593461616, 13.7594843578444, 69, -31676.9325413287
700000, 0.26705277554584, 15.7251956812596, 52, -31705.2535011163
704000, 0.282881703353083, 15.3833017887626, 55, -31345.6086882622
708000, 0.27136744776897, 14.2111417454469, 59, -31102.8579398832
712000, 0.422236204444904, 12.5181218415595, 58, -31495.110209595
716000, 0.409437690667361, 11.8581805315505, 64, -31646.1719882417
720000, 0.392013977133587, 11.9330280680163, 72, -31258.7437532172
724000, 0.354688255109114, 11.8846655575799, 62, -30586.5437072238
728000, 0.304076521946729, 13.2524822296731, 59, -31365.7832019132
732000, 0.283498858352752, 13.3543791919283, 60, -30832.3525560151
736000, 0.353190675063616, 12.2019056287327, 67, -31096.8964050769
740000, 0.301277607225003, 12.2419788266343, 60, -31045.0773307432
744000, 0.368421239886282, 12.5211073733065, 67, -31660.9822373139
748000, 0.396344203026673, 11.8381594043158, 68, -32100.5407220604
752000, 0.277686114024418, 13.27319165171, 58, -31514.5624121717
756000, 0.365367951101368, 12.2032845464268, 59, -30960.4444386497
760000, 0.391384795043921, 11.4958074503124, 66, -31207.0334566465
764000, 0.382832909034424, 12.0342119630667, 69, -31591.5504523317
768000, 0.35546753869899, 12.1425708015835, 59, -31078.0907099128
772000, 0.358446164520475, 11.6357881099091, 66, -31200.9592210388
776000, 0.322762080573496, 11.8774885793568, 70, -31673.3216741617
780000, 0.317394923072598, 11.7113966338337, 69, -31287.4168468143
784000, 0.371442785062132, 12.0302028752065, 64, -31709.0383142422
788000, 0.368666404337269, 12.6694442593073, 59, -32144.972967931
792000, 0.342900097654176, 13.1240241282691, 59, -31811.4110111903
796000, 0.292263094461097, 13.4340368209723, 63, -31836.5218995972
800000, 0.336611288627071, 13.1912082118735, 65, -31742.269956178
804000, 0.314175681059728, 12.8099884254254, 67, -32130.0314116261
808000, 0.334522871980834, 13.5586166061732, 65, -31778.3134749847
812000, 0.294484601820925, 13.7000810248911, 58, -31912.4112336363
816000, 0.356888087288243, 12.8792439849774, 64, -31927.5908931002
820000, 0.326865686075616, 13.268451447434, 66, -32196.3260427246
824000, 0.335403680480379, 13.7011560528339, 58, -32007.1554019443
828000, 0.268977776316682, 13.1766416604784, 45, -31597.3719743921
832000, 0.29405014795052, 14.070419788925, 63, -31933.632988131
836000, 0.323157935316079, 12.245565595713, 64, -30889.7935699408
840000, 0.281930581053892, 14.1655449960453, 48, -30794.4976804292
844000, 0.285413989282275, 13.4587094961172, 56, -32289.3107516782
848000, 0.321175238880566, 12.9249975549848, 68, -31138.3829532358
852000, 0.303012454104821, 13.3042402083201, 64, -31144.6313807163
856000, 0.401702719762338, 11.5914799035595, 60, -32020.1134618507
860000, 0.456457918511369, 12.057563542729, 53, -31652.2506093707
864000, 0.389346214317167, 13.282863273559, 54, -31971.4988969726
868000, 0.552894659579726, 10.7297035970822, 67, -31358.2194633652
872000, 0.515160139104523, 11.0685856576264, 73, -32250.8785774758
876000, 0.521510423848273, 10.8703077063173, 62, -33043.5942933487
880000, 0.367837943102236, 11.2507725195883, 65, -31797.438466161
884000, 0.334308873654202, 12.4085347081598, 66, -31983.8883635621
888000, 0.396342420493572, 11.5804749422802, 60, -31114.240096104
892000, 0.335114698912459, 12.2572011847733, 69, -31931.7135999228
896000, 0.334049914364872, 12.2561568692328, 64, -31737.1946164519
900000, 0.362233156758596, 11.6347904394202, 74, -31996.0632352588
904000, 0.379246250250155, 11.2666008256599, 79, -32456.1065991518
908000, 0.346770947039141, 12.9344687101606, 65, -31838.2689610017
912000, 0.418431237873658, 13.11834010448, 60, -31602.3351933356
916000, 0.393165849585329, 12.7390935011429, 68, -31606.9361366163
920000, 0.405842065899486, 11.6509286763883, 72, -32051.0449512791
924000, 0.426951147640379, 12.867280313503, 62, -32589.5672565693
928000, 0.380703768823944, 11.8593452782535, 65, -31783.3109881842
932000, 0.416709611269976, 11.8504200512141, 66, -32120.2038027062
936000, 0.329861309283703, 12.0438952933124, 70, -31426.6357333926
940000, 0.376144033583356, 11.6901627717247, 77, -31938.0001242036
944000, 0.372258489312997, 11.9465691148753, 60, -31209.5609375428
948000, 0.426721286935086, 12.4058019854087, 62, -32312.84635047
952000, 0.36427681641106, 12.0333676900385, 68, -31742.6441279448
956000, 0.329236243617623, 13.6629535837293, 54, -31760.3892551782
960000, 0.289143316035766, 13.4720140804753, 63, -31568.2051642501
964000, 0.302376368682035, 14.5456889028085, 63, -31191.9128254362
968000, 0.319789496581096, 13.7049581507035, 63, -32143.9177008887
972000, 0.372444748510162, 12.5761583223659, 54, -31494.3368137238
976000, 0.399914347218091, 12.6542768962407, 57, -31870.3042422247
980000, 0.369718426777319, 12.5821482550563, 57, -30803.8182954058
984000, 0.393519717791301, 12.0594940919034, 63, -30876.7216670001
988000, 0.357998979550141, 12.6731562506919, 64, -31750.5047067009
992000, 0.360228640627014, 12.3019071493739, 64, -31301.4029004311
996000, 0.304267071945959, 13.1140902368581, 66, -31758.3114070619
1000000, 0.341929023891193, 14.1765072548137, 63, -31869.4615056973
1004000, 0.330784507679554, 13.1267490319387, 62, -31820.2544180278
1008000, 0.37320990001834, 11.9149399273135, 63, -31994.1912489883
1012000, 0.396147755534293, 12.0623624861835, 61, -31307.4981885207
1016000, 0.322921741706799, 13.037581077617, 61, -31207.468323202
1020000, 0.316358417812178, 13.0411898734169, 67, -31956.047483531
1024000, 0.305334561413272, 12.5218331047841, 63, -31438.6846530337
1028000, 0.278651612896677, 14.4344255184525, 69, -31811.2171885906
1032000, 0.296540977314542, 12.814238659074, 53, -31845.888820506
1036000, 0.305946022551729, 12.8387146487411, 51, -32025.7218234478
1040000, 0.268989184203648, 13.2818081244379, 48, -32369.5564617017
1044000, 0.30275512217735, 12.0011898025493, 69, -31825.5616973653
1048000, 0.281355215889339, 11.9728818815888, 60, -31585.6355524721
1052000, 0.29243726221164, 12.1423421854391, 66, -31281.5675657039
1056000, 0.343364443617281, 11.8366432653813, 69, -31359.3444290675
1060000, 0.269264102228918, 12.0828130176831, 60, -30613.5078288545
1064000, 0.352746693633587, 11.0380217279237, 73, -31859.9545338726
1068000, 0.314537989317132, 11.84738496833, 57, -31046.8649953901
1072000, 0.338809827664075, 13.1361036904632, 66, -31951.0714596868
1076000, 0.32171900217768, 11.9758121754696, 67, -31360.8824108212
1080000, 0.368641502233103, 11.4991288078913, 72, -31356.2916312099
1084000, 0.36626782002055, 11.9568141697962, 77, -31967.0673318483
1088000, 0.367761512346538, 12.01910402701, 64, -32113.6101944022
1092000, 0.350905845070524, 11.6964823333115, 71, -31832.7048581628
1096000, 0.32405846232562, 12.1477385078736, 65, -31686.6431776909
1100000, 0.37242505065177, 11.7947736538955, 64, -31132.436812285
1104000, 0.369024990485462, 12.1664997523956, 66, -31710.8556049134
1108000, 0.314361920692818, 12.8772346853457, 62, -31252.2722511847
1112000, 0.346757068586412, 12.5780554593826, 63, -31351.00970672
1116000, 0.326087648058565, 12.146471665223, 62, -31392.3273179545
1120000, 0.326863243368663, 12.5421971514329, 64, -31590.7239425998
1124000, 0.372405413007655, 12.1726845123234, 65, -30398.2385857691
1128000, 0.351817875311632, 12.5650587376613, 71, -31556.5246927237
1132000, 0.35779268819489, 12.3794348579574, 69, -31671.2319190847
1136000, 0.364712065562021, 11.3331703797966, 68, -31845.9238943918
1140000, 0.3467705885221, 12.2513707464025, 65, -30671.5498341376
1144000, 0.294761099249897, 13.5130562518648, 56, -31408.5811280905
1148000, 0.369912813243125, 12.5851897849274, 66, -31942.576634995
1152000, 0.411905078515412, 11.0731171809753, 83, -31818.8298320507
1156000, 0.435151081166287, 11.0726270608143, 64, -31785.5948877374
1160000, 0.365904316394266, 12.285384839132, 59, -31346.8540436111
1164000, 0.40790502346787, 10.9060911110245, 66, -30903.7217216811
1168000, 0.382489727953292, 11.8924088013008, 62, -31210.9047970772
1172000, 0.385090677753965, 11.6097631031683, 55, -32253.6319212648
1176000, 0.515964659259168, 10.5285503193191, 77, -32168.2652373767
1180000, 0.408656301645905, 11.2867972316838, 68, -32023.4122862282
1184000, 0.403032637677326, 11.5862852366468, 74, -31108.1444724637
1188000, 0.490029811792163, 10.9099607840155, 60, -32126.59008279
1192000, 0.49867193334351, 10.7737336389159, 73, -32740.6027903627
1196000, 0.458741470019644, 10.6691436854461, 81, -32656.6121206081
1200000, 0.377077736065406, 11.4998345922186, 71, -32308.1511987585
1204000, 0.329380944465295, 12.1142540230263, 64, -32065.9384369829
1208000, 0.361342622777545, 11.8926282974205, 59, -31974.7827807631
1212000, 0.386349585764155, 11.5070808190612, 58, -31882.9205075643
1216000, 0.527012384370855, 10.9164656067211, 66, -32693.1815053036
1220000, 0.360398808451957, 11.9963268404666, 67, -31770.2646419003
1224000, 0.594481279174964, 10.3802160366295, 72, -32531.7607721774
1228000, 0.566561510680194, 11.0764455692945, 73, -31941.5591784749
1232000, 0.587682174338566, 10.9261856951786, 71, -32096.1268322501
1236000, 0.477531959587737, 11.7098713176915, 69, -32232.0102501822
1240000, 0.481712219553761, 10.7487610695961, 76, -32793.6066158905
1244000, 0.578365297335582, 10.4040840016641, 80, -32750.424135311
1248000, 0.488985327647979, 11.3498088343667, 68, -32208.1322591169
1252000, 0.389076832768804, 11.9867860484924, 66, -32015.5633370923
1256000, 0.425405008780335, 11.4890490613512, 57, -31946.5683557262
1260000, 0.340784037564094, 11.9240309480982, 60, -32341.7220079371
1264000, 0.347807700536923, 11.8362762933819, 67, -32138.2575717417
1268000, 0.393010323387603, 11.3218649861857, 67, -32465.3123584698
1272000, 0.409134714204703, 11.6848525273716, 66, -32228.5715858023
1276000, 0.397081211162148, 11.5591849643268, 54, -32117.1140680107
1280000, 0.358302989162581, 11.1223701320639, 57, -31980.6123792837
1284000, 0.332887474504544, 11.7760424803041, 65, -31441.2414214046
1288000, 0.304488014461225, 11.3481408826803, 64, -31608.0351300251
1292000, 0.331381616104471, 12.6860249077623, 61, -31356.2091006176
1296000, 0.302102629457973, 12.3763344806142, 64, -31283.9807848326
1300000, 0.317338161205842, 12.7690004003989, 59, -31104.7571188475
1304000, 0.332705435035981, 12.5465366935073, 65, -32306.8513821606
1308000, 0.322602220964102, 12.815262484839, 54, -31659.0070797145
1312000, 0.274152034552956, 13.9403592813803, 61, -31956.4704257031
1316000, 0.303453036082699, 13.7286598599507, 65, -31812.7243739807
1320000, 0.304795845809079, 12.4307957442441, 64, -32285.1971630774
1324000, 0.281306283871296, 13.4716865052565, 62, -32038.554727913
1328000, 0.305152085589347, 14.3485435024102, 63, -32006.9513348003
1332000, 0.307802231531214, 13.5110207538151, 61, -31892.3278754992
1336000, 0.45872062367403, 12.7377332660338, 60, -32234.3657248194
1340000, 0.405923845260145, 12.0807478804602, 71, -32944.8033190121
1344000, 0.364239645486089, 12.3996781181329, 65, -32103.7144242314
1348000, 0.378283348925172, 12.1532090794911, 67, -32499.813249487
1352000, 0.361186121311121, 12.7857358421754, 58, -32769.522522028
1356000, 0.435795459259085, 12.6898470551387, 65, -32748.4931854743
1360000, 0.429281950385256, 13.0477690566222, 68, -32850.7890866178
1364000, 0.437001928552499, 11.9757739383241, 67, -32800.3748164936
1368000, 0.387479477729291, 12.2847211114194, 62, -32279.1085046376
1372000, 0.357747140022911, 13.6365667705732, 59, -32363.2647740073
1376000, 0.37879982035647, 13.2838218776762, 62, -32138.5280936108
1380000, 0.38743690648901, 12.8424614128904, 60, -32562.4218742266
1384000, 0.43225134656694, 11.5840706579862, 63, -31517.2725760701
1388000, 0.438725346459476, 12.4546257617581, 62, -32521.3210794324
1392000, 0.529987947186764, 10.9550957600795, 71, -32683.1708057729
1396000, 0.420594202227736, 12.4182122223741, 59, -32861.1137633755
1400000, 0.445232275140903, 11.8914329339792, 61, -32339.534558768
1404000, 0.510489018364243, 11.3909734410827, 74, -32131.958133564
1408000, 0.410034007125588, 11.4816597381976, 63, -32331.0568828203
1412000, 0.557423148295558, 11.1564935990464, 69, -32701.0262189609
1416000, 0.557237038498093, 11.1025616860544, 72, -32613.8057263698
1420000, 0.53950671710911, 10.5727926147, 64, -32451.3548770254
1424000, 0.508816166567486, 10.7103346655266, 66, -32293.7098379219
1428000, 0.496674172582516, 10.9180255173895, 68, -32259.6857538034
1432000, 0.473255097332987, 10.8179356234326, 67, -32218.6049100015
1436000, 0.448522028330911, 11.7181256978568, 79, -32597.1297652142
1440000, 0.554986830270321, 10.7599630967382, 70, -32212.242800456
1444000, 0.501956205980787, 10.7129003626751, 80, -32806.0264225874
1448000, 0.490957474384439, 11.477645562964, 57, -31835.88784966
1452000, 0.381712511953605, 11.9770976759029, 63, -31934.295800306
1456000, 0.384701866068964, 11.6002119100399, 70, -32530.5782569981
1460000, 0.393507296115519, 11.9596287047766, 61, -31667.6416231467
1464000, 0.499771171711243, 10.9550449708824, 73, -32702.1990365788
1468000, 0.520172748351381, 11.199717714121, 72, -32510.0583822518
1472000, 0.57894931543088, 10.6724167120978, 74, -32843.2842098845
1476000, 0.578929014844649, 10.6693905225544, 57, -32285.0794388738
1480000, 0.536509972828915, 10.5429576496225, 75, -32671.6687517534
1484000, 0.46450314805523, 10.8392186580967, 74, -32803.2006134545
1488000, 0.568343790586347, 10.7641822971404, 67, -32454.7652397267
1492000, 0.566983411641503, 11.0608296401961, 68, -32439.5996033304
1496000, 0.488901537783581, 11.4204406472628, 66, -31759.2850256301
1500000, 0.412929665756533, 11.4627686533333, 71, -32726.9703804073
1504000, 0.420910403910784, 11.4227393310884, 71, -32014.700476233
1508000, 0.379982483386668, 11.8954487909856, 60, -32050.3869225751
1512000, 0.431603101497965, 11.0431154686783, 58, -31861.4764447705
1516000, 0.388213735060263, 11.4219180677928, 59, -31008.0521861823
1520000, 0.333309490768556, 11.7717069116127, 56, -31683.3604147694
1524000, 0.329147369713234, 12.4970689062783, 65, -31765.8556857523
1528000, 0.314676932470842, 12.9428116945831, 59, -31896.5586828183
1532000, 0.303970681470956, 13.1635186992131, 61, -31877.5848236299
1536000, 0.343103724575867, 12.0095049510049, 74, -32547.8845284703
1540000, 0.411595186025662, 11.4172764162053, 68, -32377.954693959
1544000, 0.499595415625509, 10.5931582101895, 69, -31977.7283985504
1548000, 0.49303986997887, 10.8855194781635, 75, -32082.0108791352
1552000, 0.452781008074086, 11.4377395571284, 69, -32344.7989699917
1556000, 0.512858414446713, 10.914718543177, 60, -32501.6272521638
1560000, 0.555740493486959, 11.3279462508789, 64, -32387.2299956977
1564000, 0.444980096709735, 10.6822930492906, 78, -32614.4629531067
1568000, 0.417835166663084, 10.9280826039777, 69, -32215.9231459041
1572000, 0.491281960902876, 10.6529381828475, 72, -32440.7996306017
1576000, 0.466072356048174, 10.5639154102439, 66, -32174.9823754283
1580000, 0.592817995719455, 10.5025463298931, 70, -32402.6334957362
1584000, 0.612726665605572, 10.4317181412154, 72, -33160.2492508717
1588000, 0.529307379641902, 10.8055936862967, 73, -32211.0019217445
1592000, 0.382094995372729, 10.9042694914032, 61, -31577.6626892611
1596000, 0.455221341700975, 10.7150707616693, 74, -32723.6625481927
1600000, 0.40688759702693, 11.1766938111697, 71, -32313.9570832368
1604000, 0.391263086165831, 12.4279385585374, 72, -31863.7368679329
1608000, 0.344810116956133, 11.6366516444256, 64, -32555.5157925753
1612000, 0.393504042620343, 12.4299773362935, 59, -31947.8187073881
1616000, 0.333039894898619, 13.3850837938659, 61, -31798.5491716874
1620000, 0.347743055169608, 12.9202634936611, 71, -32528.5017960699
1624000, 0.427764986595586, 11.8392501600973, 67, -32619.8587421905
1628000, 0.40986162369872, 12.0526254620673, 67, -32248.0645253062
1632000, 0.400337494137166, 12.3046893987785, 56, -31935.7650848259
1636000, 0.421087709232195, 11.1357952277207, 68, -32078.2801156242
1640000, 0.383594049618391, 11.7778996057584, 73, -31988.7263352209
1644000, 0.45970304749802, 11.5638015918323, 63, -31989.3432913146
1648000, 0.423710144294042, 11.3695910600585, 73, -32467.20784277
1652000, 0.55981489153036, 10.9211427535842, 67, -32281.3595994293
1656000, 0.402731480522791, 11.5975237974097, 72, -32770.4272393608
1660000, 0.515414315376297, 10.9964823401222, 69, -32619.1668965763
1664000, 0.457355161019649, 11.2571392622981, 62, -31987.8983219895
1668000, 0.443067170123236, 11.4491609793755, 58, -32266.6438268848
1672000, 0.404005703005257, 11.4980058349428, 63, -32714.8837638705
1676000, 0.403425232349835, 11.4081419144959, 67, -32555.9249743098
1680000, 0.446582648010519, 10.7335309222913, 60, -31867.9479476268
1684000, 0.406134595526215, 11.7199135088036, 65, -32013.0191740797
1688000, 0.518556425028198, 10.5878752619121, 76, -33287.475812608
1692000, 0.490988146658413, 11.2139211731541, 66, -32144.5987437376
1696000, 0.462743131183131, 10.832126113287, 62, -32217.1656858886
1700000, 0.451981194455377, 10.9419617600228, 74, -32649.3300086134
1704000, 0.387416163916436, 11.733937230311, 67, -32181.5705697658
1708000, 0.409888015606585, 11.20333202446, 77, -32464.9989462828
1712000, 0.395513478687966, 11.1549543441062, 84, -32619.0890520571
1716000, 0.318981199626488, 11.4131825626221, 65, -32275.539695793
1720000, 0.349277586706314, 11.3591764856616, 63, -32520.8937013533
1724000, 0.425642513208484, 10.6673115847852, 65, -32423.3217499523
1728000, 0.473841995892803, 11.2569708435059, 62, -32398.323343972
1732000, 0.304184575559337, 16.1131363294643, 59, -31921.4590265652
1736000, 0.336726655300371, 13.8782284462141, 60, -32158.4092508199
1740000, 0.402914111308184, 12.4982322275342, 60, -32704.3175121054
1744000, 0.329826825888173, 13.2856457496512, 65, -32618.5864865881
1748000, 0.349948959039148, 11.998279346767, 71, -31831.0587107975
1752000, 0.358399593930075, 11.6012360105861, 60, -32069.3445392756
1756000, 0.384008575727079, 11.2905541943799, 68, -32081.9568501934
1760000, 0.391493903996921, 10.7503571983701, 65, -32576.2557394537
1764000, 0.340025441862319, 11.8273451243599, 64, -33366.381945949
1768000, 0.376121165397616, 11.3204048657554, 61, -32787.5902346544
1772000, 0.349381412781697, 11.8566408369536, 59, -32383.5450779197
1776000, 0.348038978912293, 11.4215240132037, 72, -32728.343092877
1780000, 0.388979095854177, 11.5560140885293, 74, -32918.3722978007
1784000, 0.384360424073167, 11.656206260988, 62, -32212.0938768604
1788000, 0.385942052911015, 11.7785514841777, 60, -32357.8944248523
1792000, 0.392376109722663, 11.603396952658, 70, -32306.6197289658
1796000, 0.407820798121, 11.1974334060372, 68, -32237.3528585746
1800000, 0.400638384341453, 11.0195667311699, 68, -32145.1036336735
1804000, 0.357175575397441, 11.6945765605702, 62, -32435.9114802122
1808000, 0.392023540027158, 11.2157608788343, 70, -32727.3067992912
1812000, 0.339874483617115, 11.6681778641671, 59, -32305.0003983933
1816000, 0.392599244898801, 11.2492202816991, 66, -32985.766537244
1820000, 0.408828868065161, 11.1574603189878, 72, -31854.9126519843
1824000, 0.394730311903831, 11.5855841540183, 60, -32333.4137566736
1828000, 0.386637176235634, 12.3362232066783, 58, -31942.1053172138
1832000, 0.396774372411774, 11.2832296486497, 72, -32325.0376027161
1836000, 0.394385090366769, 11.1887118713301, 65, -32188.7273023834
1840000, 0.433489756628047, 10.672029839751, 72, -31874.2048177999
1844000, 0.367583888062301, 11.3649074950377, 67, -32316.7641168932
1848000, 0.437052751783628, 10.8040297275666, 67, -32102.4949089388
1852000, 0.387791380964596, 11.0008278332018, 70, -31755.1386609236
1856000, 0.332680345384124, 12.0583220932114, 63, -32313.0274119003
1860000, 0.368728938732527, 11.5761270515766, 73, -31512.5491355373
1864000, 0.380579600347502, 11.4874325851695, 62, -32030.6924090459
1868000, 0.363688074215901, 11.3487799000683, 65, -32009.8103649951
1872000, 0.342301779973238, 12.9020235484265, 63, -32172.955101279
1876000, 0.299040591286732, 12.7086739395499, 59, -31892.2210932443
1880000, 0.292948434910487, 12.4821621759486, 66, -32481.5063738205
1884000, 0.338370838030736, 12.5740937786851, 74, -31870.6068530144
1888000, 0.347701373217337, 12.8130233240647, 66, -32375.9433522089
1892000, 0.307526768243984, 13.0311223384388, 60, -32450.0994761316
1896000, 0.342521709343197, 11.8628647625989, 75, -32574.3411490808
1900000, 0.297861519366605, 12.6304292828468, 60, -32181.2136064567
1904000, 0.417356783151426, 11.2686413995114, 74, -31942.1674721867
1908000, 0.366668543013221, 11.711212695535, 59, -32589.7638617768
1912000, 0.491491362408458, 10.831777778017, 67, -32871.7453660643
1916000, 0.446776485309793, 10.6335626883783, 80, -32680.3944130059
1920000, 0.4516174539582, 11.5395682259084, 71, -32709.8471470581
1924000, 0.436467545686965, 11.035829871538, 69, -33228.8676259007
1928000, 0.429636674520471, 11.3524465346294, 67, -32721.3995472933
1932000, 0.455645079010565, 11.0413193743497, 71, -32528.7207918387
1936000, 0.503073936559843, 10.9187563019459, 62, -32756.8782202039
1940000, 0.597771907905241, 10.6839181850143, 75, -33338.7747238371
1944000, 0.584321378337848, 10.7410507272627, 60, -32799.6626570199
1948000, 0.47682746036334, 11.2265434958338, 76, -33037.8118688033
1952000, 0.523976593499206, 11.1224468706506, 73, -32714.9720968665
1956000, 0.481069917913829, 11.2040427211414, 67, -32654.2254261047
1960000, 0.483328620071011, 10.9617642536609, 75, -32383.432528232
1964000, 0.541131414509547, 10.5601763479939, 78, -33177.1107858629
1968000, 0.468181569050031, 11.2220258161298, 69, -32452.3449687253
1972000, 0.538640944167314, 10.4574187732731, 75, -32748.5288187781
1976000, 0.512540858653108, 10.7210444713032, 71, -33086.3676579426
1980000, 0.597764872524199, 10.4480633501542, 74, -32855.0578912658
1984000, 0.5592061280901, 10.8222261815887, 73, -33154.1833410331
1988000, 0.519248121060331, 10.6412991107029, 78, -32313.7714747269
1992000, 0.458358803148645, 10.823644415431, 73, -32485.2050918477
1996000, 0.516345284704933, 10.7276388109156, 70, -32475.8586292901
2000000, 0.454204864557728, 11.1291319628342, 71, -32308.4813904039
2004000, 0.411447451194056, 10.8540710354836, 70, -33427.5787296075
2008000, 0.397317617304795, 11.6198311186396, 63, -32562.8303517615
2012000, 0.364381170515854, 11.2694317800814, 68, -33265.1854009351
2016000, 0.393738872323009, 10.7553996938812, 66, -32665.6766859505
2020000, 0.42396263886705, 11.3122043524318, 66, -32385.195656768
2024000, 0.335417647798859, 11.9417722364119, 62, -32996.4340119204
2028000, 0.309951265593679, 12.4469060088059, 63, -32275.7405228149
2032000, 0.373540699269925, 11.8856059212202, 67, -32525.9881522813
2036000, 0.404392767657162, 11.4745919291407, 76, -32589.6281377138
2040000, 0.401694796240069, 11.1922830899218, 66, -32718.4721534646
2044000, 0.386783010436513, 11.3130571380606, 65, -32570.6889796614
2048000, 0.368417785994369, 11.5848664807266, 59, -32305.4357936406
2052000, 0.377212241197297, 11.1210119123967, 73, -32277.8976675197
2056000, 0.347453527006045, 11.1868377763702, 63, -32182.0927927904
2060000, 0.395104729840189, 11.4853520187439, 70, -31963.5479698817
2064000, 0.462130794999896, 10.7105665511685, 75, -32385.4603011344
2068000, 0.409546343197675, 10.9120055463434, 71, -32506.9761862854
2072000, 0.352949477771377, 11.7081807200174, 65, -32661.8331647704
2076000, 0.381113481886684, 11.0509758478738, 67, -32408.6382872919
2080000, 0.371029614620534, 11.334874366577, 62, -33024.5493171068
2084000, 0.410101619985313, 10.9383773604378, 66, -32536.356117635
2088000, 0.462738296027643, 10.6346685881784, 75, -32646.1480506254
2092000, 0.398587306262619, 11.2584159103233, 68, -32461.1922786586
2096000, 0.348283432281102, 11.8422119903112, 60, -32484.0119843209
2100000, 0.352016191596509, 11.5494218305137, 61, -32556.9324761886
2104000, 0.417151644988755, 11.2147359598067, 68, -32528.1354313658
2108000, 0.383932567831598, 11.4390149695357, 76, -32750.6159220934
2112000, 0.420479031369013, 10.739698940685, 66, -32590.4567757662
2116000, 0.404534856862017, 10.8026919333342, 78, -32491.7893641771
2120000, 0.388471048590227, 10.9859322937584, 65, -33227.3708635017
2124000, 0.344204324307805, 11.6296416105024, 71, -32568.1912451351
2128000, 0.429874665930589, 10.7266516171474, 79, -32793.8660001332
2132000, 0.435847881561607, 10.7996833311212, 63, -32307.6041809996
2136000, 0.470346680718697, 10.9069918325571, 63, -32807.3152495791
2140000, 0.412275518093453, 10.7195651492576, 65, -32180.8079729128
2144000, 0.437294101920919, 10.9812709144815, 65, -32847.6220008264
2148000, 0.41165256859351, 11.0467491296479, 68, -32215.029262708
2152000, 0.375140922353346, 10.9455439099325, 68, -32521.3534815117
2156000, 0.390513310171749, 10.9602977654418, 59, -32438.173487439
2160000, 0.598680610283283, 10.5226057538246, 79, -32156.7179753758
2164000, 0.489088978245287, 11.1926419906676, 64, -32782.1044485015
2168000, 0.411416395114226, 11.8879762654068, 57, -32742.5614862927
2172000, 0.492360114935373, 11.2561654229507, 63, -32329.4126624878
2176000, 0.430626204862838, 10.8460849944126, 88, -32855.6074282397
2180000, 0.523732013502787, 10.7936850336422, 75, -32970.2396234524
2184000, 0.429866021102251, 11.5449741266105, 70, -33022.8302620682
2188000, 0.406930957379055, 11.4594224121347, 78, -32108.4641908221
2192000, 0.390609031755253, 11.4542185804109, 76, -32473.8672760144
2196000, 0.400798733227868, 11.6112537725659, 69, -32671.6306564548
2200000, 0.392390160785514, 11.0549566868479, 76, -32850.2303187107
2204000, 0.365756935039795, 11.1118785816566, 69, -32270.8343306245
2208000, 0.352199759036198, 11.7712317369498, 61, -32583.2020475357
2212000, 0.348820877649925, 11.8514665600299, 66, -32930.9882273629
2216000, 0.343063756219773, 11.8564535170955, 64, -32917.9274468799
2220000, 0.3854751995253, 10.9444114276178, 67, -32536.6521935633
2224000, 0.348346993333607, 11.7387479715237, 80, -32925.9663970445
2228000, 0.359876324999524, 11.0845506177276, 71, -33183.7088290034
2232000, 0.407533947684685, 10.751053346666, 74, -32607.0338696365
2236000, 0.374926847751566, 11.5184206578735, 66, -33084.127846857
2240000, 0.373046779077434, 11.9893603861318, 70, -32362.4760263179
2244000, 0.355570907955325, 11.0815803706425, 67, -32875.0058762553
2248000, 0.351157318106149, 11.2105128913642, 63, -32283.1004160098
2252000, 0.391361131301108, 11.134479196518, 62, -33026.2741635545
2256000, 0.383307722399195, 11.356188041163, 68, -32298.7355955002
2260000, 0.373606495391303, 11.5283644282277, 62, -33007.1272656282
2264000, 0.453453319564407, 10.619458377029, 69, -32942.5815972554
2268000, 0.373194772097598, 10.7515688416497, 62, -32079.0726065343
2272000, 0.409632815857834, 11.0698291228037, 71, -32923.8899713391
2276000, 0.392566271912166, 11.1606197640528, 67, -32923.3616888874
2280000, 0.384837012756167, 10.741785228904, 65, -32953.2368913413
2284000, 0.41911002212259, 10.7436739191191, 67, -32944.8268481075
2288000, 0.44066016267893, 10.5139886815301, 68, -33298.8746223164
2292000, 0.407729670754795, 10.9017321699969, 68, -32915.3249629046
2296000, 0.388656251490621, 10.9920639003571, 76, -32760.7327419472
2300000, 0.43367079590485, 11.2970650056183, 66, -33392.0937878422
2304000, 0.428058048341799, 11.2143447134015, 72, -33535.0333817721
2308000, 0.495385696856471, 10.7275299218405, 79, -32376.0281726244
2312000, 0.481969593184684, 10.7600512157887, 76, -33415.2750619219
2316000, 0.525851803140589, 10.4862461280594, 72, -32716.8613025448
2320000, 0.528972583442396, 10.8067111685302, 66, -32612.4699156236
2324000, 0.482231317647755, 10.7073626671762, 78, -32988.6339684321
2328000, 0.465079207437918, 10.9159857828583, 71, -32789.241543813
2332000, 0.511684967938801, 10.8678320926401, 70, -33002.1117859458
2336000, 0.583759747811364, 10.5698659078488, 79, -32581.4707461687
2340000, 0.513754282819006, 10.6891012539845, 70, -32483.5080863275
2344000, 0.520955885385452, 10.7664588421016, 75, -32604.9387505742
2348000, 0.576635836357135, 10.730025912524, 66, -32853.493612351
2352000, 0.48377529409296, 11.2006367691988, 67, -32817.7306758285
2356000, 0.494786042136748, 10.9922967707318, 69, -32580.4802223239
2360000, 0.578235152939206, 10.5132518106319, 78, -33074.4496003323
2364000, 0.504094999061938, 10.8534576295112, 71, -32760.0722138857
2368000, 0.526168187938491, 10.7497957969847, 71, -33125.7087905078
2372000, 0.408908499801662, 11.3862798317836, 78, -32655.1017195508
2376000, 0.418376245077427, 10.9572739553854, 72, -32150.020654415
2380000, 0.41406032875917, 11.3001078507022, 71, -32897.1783609075
2384000, 0.409784156146568, 11.0379117544055, 76, -32752.3719890647
2388000, 0.532723980369038, 10.4625232234298, 79, -32619.6339663343
2392000, 0.521784454970436, 10.9582889979404, 78, -33129.9071220398
2396000, 0.447492999007702, 11.3881165564189, 71, -32377.3668359684
2400000, 0.509079945007278, 10.7378112626185, 76, -32680.8358605405
2404000, 0.512695409302721, 10.7590291447987, 76, -33085.3258903199
2408000, 0.504776036782009, 10.7579390999372, 72, -33203.2733416359
2412000, 0.502899009433327, 10.8736412477525, 76, -32648.8258252192
2416000, 0.519678664563284, 10.7284626770194, 70, -32734.1262196148
2420000, 0.576405070654825, 10.7439236049899, 68, -33051.9734935315
2424000, 0.48322907264176, 10.6066710545906, 77, -32467.4992552402
2428000, 0.519603476615842, 10.6718244676004, 77, -33057.815261276
2432000, 0.449560694258398, 11.0293833730319, 79, -32022.7864488912
2436000, 0.451389672267015, 10.9586729839764, 77, -32915.952330894
2440000, 0.430614949850417, 10.7953052061856, 78, -32815.5293577542
2444000, 0.431329431444497, 11.3510812641875, 70, -32948.3377132427
2448000, 0.524577539905668, 10.7822124977347, 72, -33098.1836019857
2452000, 0.555953965856581, 10.6019851219854, 73, -33037.3978702885
2456000, 0.58301367669867, 10.648665210449, 67, -33378.5990090706
2460000, 0.459188501574409, 10.5885315509086, 68, -33024.5988771139
2464000, 0.459031198363457, 11.0441576717461, 69, -32645.4007275463
2468000, 0.432086904716695, 11.2239703764218, 69, -32865.850701983
2472000, 0.469792572893096, 10.9862937990988, 69, -32292.6013534068
2476000, 0.469588012333035, 11.0665873153499, 69, -32801.5697678905
2480000, 0.479671398929327, 10.7256048296417, 73, -32640.4905557671
2484000, 0.553298438457709, 10.4121559768622, 78, -32909.32543881
2488000, 0.530319807248799, 10.5830244719872, 70, -33081.8549221923
2492000, 0.469980952851167, 11.3008062177476, 64, -32891.4367441949
2496000, 0.463420823161481, 11.0392947242953, 67, -33064.8391955723
2500000, 0.437414727356284, 10.8991816347296, 73, -32518.1450774095
2504000, 0.530738794095181, 10.6972599603545, 68, -32915.3603562165
2508000, 0.435107676790145, 11.3695669452236, 65, -32684.7846233071
2512000, 0.528620096023402, 10.5318218280513, 86, -33246.4752501469
2516000, 0.504662285176543, 10.3477422805599, 86, -33264.4180908676
2520000, 0.579006847943663, 10.7421510253748, 70, -32857.8168276804
2524000, 0.467101266708406, 11.2451372692207, 68, -33358.6597944356
2528000, 0.417669453923542, 11.6643480096906, 59, -32740.189353375
2532000, 0.442174137849744, 11.1544741658212, 70, -32546.6867244198
2536000, 0.540032042686472, 10.8720080721466, 73, -33037.7365863223
2540000, 0.442709269416869, 10.6095722663207, 80, -32423.0962582267
2544000, 0.508722027041904, 10.4939983173843, 85, -32723.5906617313
2548000, 0.425406699632872, 10.9366271846301, 75, -32809.0495384104
2552000, 0.53653781666312, 10.6529774000298, 78, -33215.4338937229
2556000, 0.549273732217689, 10.7043121651381, 79, -32630.6785620897
2560000, 0.612503992693566, 10.5302225600879, 71, -33127.811680304
2564000, 0.513740614369676, 10.7330413046346, 72, -33120.573840913
2568000, 0.440070060349034, 11.1408372891883, 69, -32923.0474504898
2572000, 0.451455151938883, 10.9906572876182, 68, -32655.5512165983
2576000, 0.511706128041614, 10.6451727372789, 70, -33207.1886695401
2580000, 0.548561092075258, 10.7909944892591, 71, -32641.7634379169
2584000, 0.561770930703567, 10.4955098600067, 80, -32830.3073545531
2588000, 0.5896425520914, 10.7889968518303, 72, -33104.7684203718
2592000, 0.604950875317673, 10.6173849885844, 70, -32814.7407995329
2596000, 0.52531983818301, 10.9548126468066, 72, -32639.3801923625
2600000, 0.602884071366782, 10.7155291164965, 70, -32846.5220606502
2604000, 0.646468488879572, 10.7161044431082, 82, -33157.7281749271
2608000, 0.573982981492236, 10.8524070767866, 67, -33111.3492089722
2612000, 0.628707185049044, 10.7461503696882, 66, -32601.1079947219
2616000, 0.613471082678352, 10.4383660315852, 78, -33035.8065424509
2620000, 0.546088629286268, 10.6338550998193, 72, -33000.385765682
2624000, 0.541237532661443, 10.2822374893178, 79, -32927.3272110247
2628000, 0.499431075225087, 10.9595752886698, 56, -33069.2364351421
2632000, 0.468169638693427, 10.7028711419296, 69, -33046.501744917
2636000, 0.430139609379647, 11.0605214422028, 68, -33247.5311252037
2640000, 0.348136264033885, 12.340379175303, 69, -32772.7623094859
2644000, 0.408887104793617, 11.4158266501971, 70, -32922.7064114891
2648000, 0.407586633239687, 11.3121101975081, 66, -33055.6756333235
2652000, 0.551312398681768, 10.7303047130519, 69, -32981.9682862324
2656000, 0.441332781829931, 10.9374243651624, 63, -32915.2992777
2660000, 0.449570195170827, 10.697344965612, 76, -32974.2858680332
2664000, 0.564851670205306, 10.7082353006831, 67, -32699.2335448193
2668000, 0.537013533251101, 10.7814338668741, 69, -32809.4616523407
2672000, 0.534259898967347, 10.6387042143811, 74, -33198.3471600992
2676000, 0.58328852560326, 10.5741931882473, 68, -32696.1053281102
2680000, 0.521238777059938, 10.8301213673319, 82, -33061.9791639563
2684000, 0.513486215499476, 11.0862463663684, 65, -33177.0631283901
2688000, 0.501722471983341, 10.8365817876498, 73, -32703.8223641976
2692000, 0.586175550172931, 10.4684743729884, 77, -32886.5707588446
2696000, 0.52289825917198, 10.794942080221, 72, -33089.3737443807
2700000, 0.529453986230156, 10.8454191868271, 74, -32985.7098467483
2704000, 0.569450602534517, 10.6071880446637, 81, -33424.1029769055
2708000, 0.634906492106528, 10.5265087181843, 66, -32896.363386998
2712000, 0.57219181172493, 10.5038900553314, 69, -32764.1143306918
2716000, 0.642818599965962, 10.3495879503208, 75, -33140.3355095469
2720000, 0.569587290337776, 10.4657491230841, 78, -33642.7893012775
2724000, 0.491829823914528, 10.7786897858712, 76, -33105.3202013605
2728000, 0.522122385760823, 10.7206878553257, 79, -33242.5268408918
2732000, 0.52397490692254, 11.0015156035041, 68, -32950.2357762972
2736000, 0.502250752971026, 10.6643667354961, 83, -33163.2286137104
2740000, 0.521199187600204, 10.6784628814709, 71, -33052.2150163565
2744000, 0.423898852478747, 11.2045054232575, 61, -32671.4924459869
2748000, 0.466265169841799, 10.6441132000847, 75, -33579.9586505525
2752000, 0.548168315527022, 10.8669383520062, 69, -33308.0155597698
2756000, 0.634968200935357, 10.6281539063903, 71, -33392.9971131397
2760000, 0.601676542108064, 10.8742898750392, 68, -33130.2075185988
2764000, 0.535125621770084, 10.7932529214576, 74, -33151.0498528788
2768000, 0.576541617391125, 10.9797701194119, 71, -33257.8493703695
2772000, 0.635150192070219, 10.6363522197906, 69, -33582.2175567232
2776000, 0.617663963667047, 10.5988217392037, 72, -33034.2096075253
2780000, 0.650511779892489, 10.829488935661, 66, -33409.2781449548
2784000, 0.597375710804153, 10.706153874215, 82, -33372.0978378518
2788000, 0.589009939468801, 10.9546925640843, 61, -33181.2144660118
2792000, 0.592366494381743, 10.7785212295014, 70, -32937.6742919975
2796000, 0.593513441399305, 11.1391719255913, 58, -32669.9649667758
2800000, 0.453762756563842, 11.2741204046355, 68, -33206.7353123348
2804000, 0.469433740586624, 11.1724699200554, 66, -33353.3237498388
2808000, 0.576086403045911, 11.074272975408, 65, -33401.9201630801
2812000, 0.599388345875801, 10.7141709201506, 71, -33440.252543612
2816000, 0.574049624322566, 10.8969379485403, 77, -33441.4442997397
2820000, 0.620606212033411, 10.8251971947608, 65, -33255.7048198902
2824000, 0.642495784387867, 10.7297371244473, 71, -33396.4541104555
2828000, 0.636873453268921, 10.7475578919908, 76, -33142.9726118578
2832000, 0.517559379448458, 10.9133588385826, 70, -33238.1033101642
2836000, 0.535823143781372, 10.8170902698571, 72, -33254.9911328496
2840000, 0.545097391306917, 10.9793640610222, 70, -33151.348064099
2844000, 0.625534878483544, 10.4137602347004, 73, -33187.2460360353
2848000, 0.57372315005236, 10.6355645432787, 74, -32967.1189439576
2852000, 0.590246583972015, 10.5524022173987, 77, -33143.2214075466
2856000, 0.580613700023005, 10.7328298941531, 72, -33323.8903032797
2860000, 0.497779292645871, 11.4217071950328, 63, -32985.264883654
2864000, 0.583316374963449, 10.7844888687077, 73, -32827.0575004677
2868000, 0.564656972332766, 10.9747169303059, 75, -33654.3588481822
2872000, 0.563237317718126, 10.9739496880852, 74, -33482.6610791608
2876000, 0.529374084705462, 11.2956578960485, 61, -33047.2589505171
2880000, 0.533437638552518, 10.6964161763173, 70, -33292.0226112595
2884000, 0.542275602410672, 10.6134686522574, 69, -33202.8438502513
2888000, 0.431404702408512, 11.1954105059017, 51, -33229.9823278967
2892000, 0.453315024700944, 10.8438490510258, 62, -32720.2976820233
2896000, 0.389713670771448, 11.3047349915958, 70, -33232.6891672826
2900000, 0.427170387360734, 10.8305332603574, 66, -32966.7094419405
2904000, 0.362960338085347, 11.5806007611953, 59, -33132.4203038221
2908000, 0.486720350530951, 10.8919469322618, 62, -33011.2498342764
2912000, 0.375798606058106, 11.3935216306887, 68, -33014.2729625949
2916000, 0.457372026931838, 10.7138659837016, 64, -33111.1786268398
2920000, 0.46445700886446, 11.0048902726097, 69, -33093.1507148286
2924000, 0.475670406416674, 11.095667159318, 69, -33166.1766278189
2928000, 0.555364738007271, 10.7988870408537, 66, -33285.8534208379
2932000, 0.514236856870005, 11.2131145555742, 68, -33460.8923462873
2936000, 0.53128512516411, 11.0870444452695, 63, -33199.5346759938
2940000, 0.573381620452985, 10.7543874192969, 69, -32908.6300445961
2944000, 0.580071615204275, 10.7474620535875, 65, -33486.6782664507
2948000, 0.533731884257267, 10.8294601249039, 77, -33350.2645188292
2952000, 0.61092956035492, 10.4617548945157, 75, -33774.7446159345
2956000, 0.607753473677278, 10.5862575318621, 83, -33056.0163064937
2960000, 0.54021405350281, 10.6673127816956, 72, -33626.401624979
2964000, 0.595792449672382, 10.9878730982486, 71, -32894.1389516971
2968000, 0.629814827796691, 10.8576632522086, 64, -33290.4765343987
2972000, 0.599382207350728, 10.7303526590488, 72, -33308.2154225277
2976000, 0.503188964284158, 11.2067207256794, 69, -33240.8620930284
2980000, 0.536615801960558, 11.4210949541942, 57, -33074.2128674513
2984000, 0.563118670995103, 10.9108336829626, 65, -33307.491143888
2988000, 0.56788845845944, 10.7743636833222, 77, -33217.1181644207
2992000, 0.630439542868702, 10.6425168333172, 72, -33337.4761366566
2996000, 0.543886281449901, 10.7717941234944, 67, -33047.3928999019
3000000, 0.617503776231498, 10.6306944129499, 75, -33353.2639702801
3004000, 0.596195992140304, 10.6318642065604, 71, -33056.9758776786
3008000, 0.634679419435297, 10.6283260007271, 73, -33467.6700055377
3012000, 0.603868713209363, 10.5909772993377, 77, -33339.5751826788
3016000, 0.60271432261684, 10.5180738846044, 71, -33518.857951658
3020000, 0.615550121852507, 10.5065377471059, 68, -33234.6960160518
3024000, 0.607330008303729, 10.6870021260618, 73, -32712.7420753483
3028000, 0.632779873729095, 10.61158994733, 78, -33345.8554709358
3032000, 0.615626531276203, 10.6233478310767, 68, -33365.5358679958
3036000, 0.598091318770132, 10.5298541055387, 62, -33410.252285644
3040000, 0.536278926392975, 10.8614143308103, 74, -33162.91700875
3044000, 0.558582929280193, 10.6104342904514, 75, -33206.596940473
3048000, 0.617536152153402, 10.4459918290155, 72, -33396.7379416589
3052000, 0.487096990737417, 11.1235901350277, 71, -33254.5590945882
3056000, 0.545191560554566, 10.590075874214, 73, -33307.7474872253
3060000, 0.582489186276183, 10.6536192605797, 78, -33689.8062504551
3064000, 0.618523507522995, 10.3838059347339, 66, -33272.5230809423
3068000, 0.538072651686362, 10.9940053610723, 71, -33207.9037293073
3072000, 0.629689734650012, 10.4968632117295, 69, -33224.4567033999
3076000, 0.603297460930042, 10.5803392874915, 72, -32589.9395810288
3080000, 0.610367810937766, 10.6464115971845, 76, -33465.3539584409
3084000, 0.608138495338984, 10.3761584665378, 77, -32860.6282984579
3088000, 0.602844264294996, 10.6110375525412, 76, -33056.0768206676
3092000, 0.542307378326329, 10.5667619467878, 70, -33140.6541628653
3096000, 0.479640168502197, 10.9922595557999, 67, -33018.3034058901
3100000, 0.598402925896999, 10.6614031445586, 76, -33571.166217016
3104000, 0.520224516001223, 10.5596826928679, 74, -33392.2172934808
3108000, 0.571083804649586, 10.5881096557634, 72, -33242.1380352536
3112000, 0.587048563226504, 10.7375931304756, 65, -32723.4582696659
3116000, 0.497163361235202, 10.4937273435422, 70, -33253.8095866028
3120000, 0.536367707154597, 10.4593733014214, 73, -33109.485813953
3124000, 0.649267487914052, 10.3713677839975, 78, -33301.4333319507
3128000, 0.663173344824714, 10.6322804966926, 69, -33446.0926007185
3132000, 0.63887981936235, 10.5202091079527, 72, -33151.2717027059
3136000, 0.629673828054759, 10.5197811265185, 71, -33288.480356308
3140000, 0.579324737221218, 10.6931753375068, 72, -33242.9445746311
3144000, 0.616693596369144, 10.713379018573, 74, -33468.8011141223
3148000, 0.550120988735854, 10.448026186695, 71, -32943.568124521
3152000, 0.554370414708662, 10.7087584249641, 69, -32844.0973822186
3156000, 0.552518777246153, 10.3562563347765, 72, -33301.264190517
3160000, 0.572774620633204, 10.4862821886005, 70, -33483.7070175969
3164000, 0.561584700738375, 10.4948388102231, 79, -33343.3722892531
3168000, 0.630295100799221, 10.5743577845686, 72, -33498.0799625559
3172000, 0.625893361101787, 10.6654036068947, 64, -33382.7433637287
3176000, 0.576288586671787, 10.5576314476922, 68, -33201.4013680229
3180000, 0.576554415639263, 10.6781973842374, 74, -33098.6057861383
3184000, 0.575990474436591, 10.6603667712539, 68, -32769.5172973612
3188000, 0.607578242147737, 10.4641470146632, 74, -32843.6015584355
3192000, 0.618825720957582, 10.5992425392029, 71, -33401.2375664451
3196000, 0.599597331129587, 10.5417077360015, 64, -33696.1969442563
3200000, 0.613702718170732, 10.7209635379614, 69, -33228.7807847514
3204000, 0.601620630997516, 10.5214406261078, 83, -33323.4388676622
3208000, 0.649002826956579, 10.3460598055799, 78, -33115.3426195445
3212000, 0.582528050447941, 10.6074257548735, 69, -33225.0149400525
3216000, 0.611129741093323, 10.6464942153756, 75, -33035.4751940449
3220000, 0.596179613069978, 10.5133416171606, 74, -33377.4407308878
3224000, 0.622545382906183, 10.810821249662, 72, -33604.5237366899
3228000, 0.639083194598635, 10.5520473659987, 72, -33383.7594794938
3232000, 0.582006522526534, 10.8682945009437, 66, -33581.8484939095
3236000, 0.630809266589398, 10.5866497475441, 71, -33616.8524405431
3240000, 0.592760305713909, 10.7259092858923, 70, -33360.9348072193
3244000, 0.609263684641864, 10.4514266030182, 74, -33289.7092291084
3248000, 0.599421939716804, 10.7653768708151, 78, -33069.2232284683
3252000, 0.611328169322315, 10.4194423519416, 73, -33222.0238563179
3256000, 0.589896499245744, 10.6678759533471, 77, -33381.9639505076
3260000, 0.576684864220252, 10.7969083277142, 73, -33544.9429704982
3264000, 0.636085115080898, 10.497858213736, 75, -33541.0595311508
3268000, 0.585983848829853, 10.5063258531395, 80, -33457.6768224716
3272000, 0.517956211536135, 10.4358091440675, 76, -33103.6664862773
3276000, 0.530437756713776, 10.3854820855648, 81, -33202.3809529826
3280000, 0.577190501070433, 10.5337929818577, 74, -32801.0492878473
3284000, 0.638082122068756, 10.5154960496813, 71, -33654.098670945
3288000, 0.602898926250293, 10.6421701456309, 70, -32702.6864761756
3292000, 0.593162578433885, 10.5843533713679, 90, -33757.6002726449
3296000, 0.568079615644413, 10.8150799634086, 73, -33195.3890060019
3300000, 0.637086055004561, 10.6468022552405, 71, -33426.9907119647
3304000, 0.651836765450695, 10.5089093707457, 73, -33242.2154667446
3308000, 0.606961776335313, 10.3403389772642, 77, -33010.1192005351
3312000, 0.467170257839826, 11.0408425840282, 66, -33047.115589224
3316000, 0.505077634497266, 10.8234632755343, 70, -33400.3064592896
3320000, 0.540455554551749, 10.4415721853316, 78, -33961.4165608518
3324000, 0.584352086894546, 10.5490699439766, 74, -33438.6822685382
3328000, 0.641308913031, 10.5478840551915, 73, -33163.3782076191
3332000, 0.628369804280452, 10.5665373341744, 87, -33634.475230746
3336000, 0.635923863079634, 10.4730780084877, 72, -33319.9106393401
3340000, 0.576017754131812, 10.4465060351382, 70, -33016.2617384942
3344000, 0.441383047284852, 10.8430692962342, 73, -33053.6831340538
3348000, 0.509663590090757, 10.5675873488872, 68, -33458.1388354062
3352000, 0.446020228273888, 10.7074825869999, 71, -33179.7392282747
3356000, 0.384173919606698, 10.7291223118928, 72, -33315.3224933891
3360000, 0.371879330151047, 11.1606487558541, 64, -33517.590514832
3364000, 0.375969321299893, 10.9752643394454, 69, -33394.1655909929
3368000, 0.417528125450674, 10.7302283910074, 72, -33520.0195559435
3372000, 0.38489932578213, 10.9544970655297, 70, -32969.3228993244
3376000, 0.411512984798214, 10.6385659335816, 75, -32806.5165881596
3380000, 0.394534625383005, 10.9741290736079, 69, -33338.3187102227
3384000, 0.496739829160655, 10.7704122575399, 72, -33271.5911109298
3388000, 0.431887551405898, 10.48934381632, 74, -33271.4373751238
3392000, 0.408190275825853, 10.6861162796542, 69, -33431.8117382949
3396000, 0.38875700753972, 10.7025087021012, 71, -32963.5064334316
3400000, 0.42745276983383, 10.5843776606754, 69, -33009.8924899479
3404000, 0.449575544364802, 10.5483987165693, 69, -33233.3574608589
3408000, 0.416847642407711, 11.0694849127695, 65, -33254.3901190786
3412000, 0.396290851840386, 11.0085521073078, 66, -32811.1142699352
3416000, 0.442049191242697, 10.6629168148762, 72, -33126.3025191925
3420000, 0.400095925741959, 10.5749836806335, 73, -33442.3456511085
3424000, 0.360015228892268, 11.2195402305967, 71, -33297.2326547761
3428000, 0.44374614717656, 10.5392249025436, 72, -33488.8101619734
3432000, 0.443346024799067, 10.564501600481, 76, -32999.0636591414
3436000, 0.423248795347483, 10.6593235925142, 82, -33591.5978761408
3440000, 0.397923813421694, 10.8956462767867, 66, -33166.1991109242
3444000, 0.427435421924979, 10.7111265617801, 75, -33590.3342796042
3448000, 0.414173562366842, 10.7936743228011, 70, -33671.3864939371
3452000, 0.389564864325561, 10.8867324688028, 66, -33498.5034323661
3456000, 0.387310780734703, 10.7917794967228, 75, -33715.5783478842
3460000, 0.381725780742892, 11.02962791356, 69, -33653.0994355349
3464000, 0.377884096340688, 11.138474480952, 74, -33758.6804417999
3468000, 0.422047543006323, 10.6209626615512, 81, -33594.8640807063
3472000, 0.396383854290839, 10.759981476144, 70, -33479.0855973512
3476000, 0.364499760394808, 10.9004789073749, 77, -33314.359386092
3480000, 0.3811161359033, 10.9008713042076, 70, -33389.7191354845
3484000, 0.38059388321697, 10.6665619526874, 65, -33323.7156625101
3488000, 0.369804708848152, 10.9243029271462, 71, -33499.0192817471
3492000, 0.404248779125718, 10.9341068822295, 67, -33749.2385419174
3496000, 0.444745244468738, 10.4549703759756, 73, -33154.5650046819
3500000, 0.403542471599341, 10.9288991932837, 74, -33498.7024540785
3504000, 0.383667107427661, 10.8511089818065, 76, -33440.0977277927
3508000, 0.408994539618556, 10.6496308468317, 74, -33534.6949689227
3512000, 0.427315366871139, 10.6571256034765, 68, -33294.5651651759
3516000, 0.433327541081982, 10.432136402639, 79, -33018.6851915895
3520000, 0.463237827415855, 10.534839003526, 68, -33628.579033656
3524000, 0.437968632543784, 10.7158541709004, 66, -33493.1420587576
3528000, 0.380469449802791, 10.9972044138529, 66, -33462.320212881
3532000, 0.400156331695301, 10.799999810429, 76, -33435.8783881441
3536000, 0.426170853345122, 10.681991530247, 77, -33625.8197752654
3540000, 0.395776758519678, 11.0948952748168, 73, -33394.1520111
3544000, 0.44592385345895, 11.0585658828324, 76, -33592.6875207234
3548000, 0.364741335784222, 11.1673900243044, 67, -33523.8355251657
3552000, 0.419550965104964, 10.7734315868952, 67, -33425.3745424712
3556000, 0.398378526316324, 10.9343916149559, 69, -33364.6064773405
3560000, 0.409416998934387, 10.8509645072652, 74, -33716.9933512415
3564000, 0.430132876186065, 10.7605324728584, 74, -33010.4527339602
3568000, 0.395661407798843, 10.9113829398196, 72, -33212.8824009319
3572000, 0.393185112427218, 10.8251980999108, 71, -33404.2330069844
3576000, 0.460544875975159, 10.6152640576683, 70, -33370.505888451
3580000, 0.454011751600792, 10.4822085865961, 69, -33232.848130205
3584000, 0.457826030124514, 10.5540539379626, 69, -33364.7158871924
3588000, 0.462677064356219, 10.8090132792993, 70, -33129.9703166894
3592000, 0.501931103225066, 10.6045132602419, 66, -33168.091458926
3596000, 0.433423688026728, 10.66987998183, 73, -33512.5939005184
3600000, 0.468570666183333, 10.7166257460664, 66, -33703.6374331109
3604000, 0.430188093680512, 10.7278057982681, 67, -32793.1862088375
3608000, 0.384980685035088, 11.1336836349116, 63, -33227.7891578217
3612000, 0.438601932146285, 10.6245097218358, 70, -33317.6585273435
3616000, 0.386973556909584, 11.2251272217191, 69, -32950.0402716508
3620000, 0.431881744504188, 10.7333042928445, 66, -33467.4454520147
3624000, 0.435913856342949, 10.7626534123775, 75, -33217.6725217801
3628000, 0.405096783439045, 10.9255100438807, 66, -33386.2501217171
3632000, 0.407576180304389, 10.853356498621, 71, -33087.1348956883
3636000, 0.437518121661104, 10.7090912773328, 74, -33446.221192222
3640000, 0.414893940250796, 10.6828261845914, 73, -33389.508617748
3644000, 0.379721704362539, 10.9891629434881, 68, -33508.7192044211
3648000, 0.435042702554278, 10.7307263961515, 64, -33327.6356485592
3652000, 0.444401266171777, 10.6383295039557, 74, -33043.0911464327
3656000, 0.3901419558597, 10.650646152536, 76, -33308.8482697621
3660000, 0.466683700966947, 10.4549795121224, 74, -33516.2263108409
3664000, 0.41976539438044, 10.766072135039, 75, -32968.8768814635
3668000, 0.39839177809288, 10.66340686017, 64, -33068.6043872953
3672000, 0.446173517254647, 10.5682987671821, 65, -33883.2980056471
3676000, 0.416810996948448, 10.7766905922082, 62, -33202.4860796283
3680000, 0.437807234517375, 10.6491706369908, 71, -33402.0908731692
3684000, 0.425917652046246, 10.674021748862, 74, -33335.6050128816
3688000, 0.376604486791394, 11.0891764001629, 68, -33390.892076225
3692000, 0.44379193514565, 10.5950346295012, 72, -33269.4971828058
3696000, 0.401058339833795, 10.7152312755507, 76, -33612.033837739
3700000, 0.400355224530631, 10.6345167325448, 77, -33474.0527086615
3704000, 0.416410769135346, 10.6812579817673, 73, -33595.9581537345
3708000, 0.413930889563401, 10.7163260804992, 69, -33533.287583723
3712000, 0.419370582260986, 10.6041227669694, 73, -33249.8220919732
3716000, 0.428730725970398, 10.5163857860629, 73, -33205.9305533751
3720000, 0.404573698865774, 10.7624580682397, 70, -33567.5106239123
3724000, 0.388850924857855, 10.9653266315455, 66, -33444.1919210419
3728000, 0.427625111803169, 10.6402208895489, 68, -33190.6679957819
3732000, 0.386186308052742, 10.8997524822667, 68, -33603.6297317561
3736000, 0.3716747503576, 11.1124984338766, 72, -33499.6279379324
3740000, 0.399819599782064, 10.8714661472804, 72, -33476.142987532
3744000, 0.421069295592752, 10.584019944373, 78, -33314.3670779355
3748000, 0.44206002659142, 10.512299961959, 80, -33688.0603826394
3752000, 0.38396384816733, 10.6997689507848, 69, -33391.9479837644
3756000, 0.438650410518657, 10.5253895138622, 71, -33487.7450571425
3760000, 0.485590496659433, 10.4449911309462, 74, -33231.0615268489
3764000, 0.391782848458988, 10.9295904325644, 63, -33763.1013934192
3768000, 0.452389229456357, 10.6176895241635, 71, -33132.7183587294
3772000, 0.391836052924574, 10.8067486505034, 69, -33354.6323554756
3776000, 0.462170468830754, 10.5263333338261, 76, -33640.5648344632
3780000, 0.410399371528379, 10.7723206419883, 75, -33853.6822649513
3784000, 0.450195875098004, 10.3622863272706, 78, -33666.6369861632
3788000, 0.440511122359878, 10.4028125994732, 80, -33205.0736658741
3792000, 0.45099859139386, 10.6323275262003, 76, -33564.1190773012
