-0.67
-1.25
-0.67
-1.12
0.25
0.46
-1.71
0.50
0.85
0.14
1.81
-0.46
0.50
0.77
0.50
-1.71
-0.46
3.64
-0.71
-0.67
0.50
0.25
0.77
1.15
-0.46
-1.12
-1.25
0.25
-1.12
0.77
0.77
2.33
0.85
0.77
0.46
3.64
-0.46
-2.09
-1.25
0.50
3.64
3.63
0.46
0.77
0.50
3.63
1.81
-0.46
1.81
0.50
3.63
-1.25
0.50
1.81
-1.71
-1.25
3.63
0.85
0.14
0.50
3.64
0.14
1.81
-0.71
-1.25
0.50
0.50
0.46
-2.09
0.77
0.50
1.15
2.33
0.25
1.15
0.46
1.15
-1.25
2.33
-0.71
1.81
1.81
-0.71
0.14
-1.71
-1.71
0.50
0.50
-1.25
1.81
3.63
1.81
0.50
1.15
0.14
-0.46
0.25
-2.09
-0.46
-0.67
-0.67
-1.12
0.50
-0.02
-0.46
-0.46
-0.46
-1.71
-1.12
0.50
-0.67
0.77
-1.12
-1.25
1.15
3.64
0.77
3.63
-0.46
-0.67
-1.25
-2.09
-1.25
0.50
-2.09
0.14
-1.71
3.64
0.14
0.25
-1.25
2.80
-1.71
3.63
-1.71
-2.09
1.81
-0.71
-1.71
0.25
2.33
0.50
-1.25
-0.67
2.33
-1.71
0.46
-1.25
-0.67
2.33
-1.12
-1.25
-1.71
0.85
-1.25
-1.25
-2.09
-2.09
-2.09
-0.71
-1.25
1.15
1.15
0.50
-0.46
3.63
2.80
1.81
-1.25
1.15
0.46
1.15
2.80
-1.25
-1.12
-0.46
-1.12
0.25
-1.25
-1.12
0.46
0.50
-1.25
-1.25
0.46
1.15
-0.71
-0.46
0.77
0.77
2.80
-1.71
0.46
1.15
0.14
-2.09
-1.71
1.15
1.15
-1.25
0.46
1.15
-0.46
-0.46
-0.71
0.50
-1.25
-0.67
1.15
-0.71
-0.46
-2.09
-1.25
1.81
1.15
3.63
1.81
3.64
0.14
0.77
0.46
1.15
-1.12
-0.71
-1.25
0.77
1.81
1.15
-1.25
-1.12
-1.12
-1.71
0.50
-1.25
-1.12
-2.09
-1.12
-0.46
0.50
1.15
-2.09
-1.71
3.64
-1.25
-1.71
1.15
-0.67
0.46
-0.67
0.50
0.85
1.15
0.50
2.33
-1.12
0.50
1.15
-1.25
0.50
-0.46
1.15
-1.25
0.50
-0.67
0.50
-1.71
-0.46
3.64
0.46
-1.25
0.85
0.50
1.81
2.80
1.81
2.80
