i	j	i_id	j_id	r_sco	s_sco	prob
10	35	10_R	35_E	6.5835	3.879	1.000
23	51	23_K	51_A	4.3681	2.574	1.000
18	28	18_A	28_Q	3.7224	2.193	1.000
9	12	9_K	12_Q	3.5881	2.114	1.000
30	34	30_S	34_L	3.2574	1.919	1.000
28	32	28_Q	32_E	3.0872	1.819	1.000
9	13	9_K	13_L	3.0336	1.787	1.000
33	38	33_Q	38_K	2.8402	1.673	0.999
19	23	19_E	23_K	2.7841	1.640	0.999
18	22	18_A	22_Q	2.4963	1.471	0.997
15	51	15_L	51_A	2.4954	1.470	0.997
8	12	8_S	12_Q	2.4837	1.463	0.997
32	36	32_E	36_N	2.3632	1.392	0.994
17	32	17_Q	32_E	2.3601	1.391	0.994
29	32	29_Q	32_E	2.3389	1.378	0.994
34	44	34_L	44_F	2.3278	1.372	0.994
15	19	15_L	19_E	2.3099	1.361	0.993
44	47	44_F	47_E	2.2855	1.347	0.992
15	23	15_L	23_K	2.2688	1.337	0.992
24	51	24_V	51_A	2.2543	1.328	0.991
5	8	5_R	8_S	2.2381	1.319	0.991
20	31	20_L	31_I	2.1654	1.276	0.988
16	19	16_N	19_E	2.1418	1.262	0.987
26	44	26_T	44_F	2.1259	1.253	0.986
33	39	33_Q	39_T	2.0379	1.201	0.980
5	58	5_R	58_W	2.0231	1.192	0.978
20	52	20_L	52_L	1.9444	1.146	0.971
29	33	29_Q	33_Q	1.9196	1.131	0.967
7	35	7_K	35_E	1.8396	1.084	0.956
5	9	5_R	9_K	1.8042	1.063	0.949
30	33	30_S	33_Q	1.7826	1.050	0.945
42	60	42_P	60_L	1.7791	1.048	0.944
26	30	26_T	30_S	1.7551	1.034	0.939
9	54	9_K	54_V	1.7492	1.031	0.937
46	50	46_P	50_S	1.6875	0.994	0.921
55	58	55_S	58_W	1.6873	0.994	0.921
7	11	7_K	11_I	1.6781	0.989	0.918
54	58	54_V	58_W	1.6319	0.961	0.902
49	56	49_A	56_V	1.5320	0.903	0.861
24	48	24_V	48_L	1.5236	0.898	0.857
9	58	9_K	58_W	1.5199	0.896	0.855
41	44	41_R	44_F	1.4596	0.860	0.822
40	43	40_K	43_R	1.4528	0.856	0.818
7	17	7_K	17_Q	1.4374	0.847	0.809
1	37	1_S	37_G	1.4312	0.843	0.804
30	39	30_S	39_T	1.4229	0.838	0.799
46	56	46_P	56_V	1.4215	0.838	0.799
21	28	21_A	28_Q	1.3470	0.794	0.746
17	28	17_Q	28_Q	1.3415	0.790	0.741
57	61	57_D	61_N	1.3356	0.787	0.737
15	20	15_L	20_L	1.3316	0.785	0.734
3	37	3_S	37_G	1.3151	0.775	0.721
19	22	19_E	22_Q	1.2942	0.763	0.704
42	45	42_P	45_L	1.2850	0.757	0.695
27	30	27_T	30_S	1.2682	0.747	0.680
45	49	45_L	49_A	1.2634	0.744	0.676
8	11	8_S	11_I	1.2151	0.716	0.632
9	52	9_K	52_L	1.1918	0.702	0.610
54	59	54_V	59_L	1.1808	0.696	0.600
45	56	45_L	56_V	1.1767	0.693	0.595
42	46	42_P	46_P	1.1724	0.691	0.592
42	56	42_P	56_V	1.1713	0.690	0.590
13	53	13_L	53_G	1.1703	0.690	0.590
56	60	56_V	60_L	1.1674	0.688	0.587
21	31	21_A	31_I	1.1625	0.685	0.582
26	47	26_T	47_E	1.1532	0.679	0.571
27	33	27_T	33_Q	1.1520	0.679	0.571
47	51	47_E	51_A	1.1497	0.677	0.568
26	31	26_T	31_I	1.1462	0.675	0.565
45	60	45_L	60_L	1.1456	0.675	0.565
20	51	20_L	51_A	1.1385	0.671	0.558
25	47	25_G	47_E	1.1362	0.669	0.555
49	55	49_A	55_S	1.1091	0.653	0.527
4	8	4_S	8_S	1.1046	0.651	0.524
24	44	24_V	44_F	1.0996	0.648	0.519
1	4	1_S	4_S	1.0940	0.645	0.514
17	35	17_Q	35_E	1.0739	0.633	0.493
4	37	4_S	37_G	1.0702	0.631	0.490
33	36	33_Q	36_N	1.0534	0.621	0.472
50	62	50_S	62_G	1.0354	0.610	0.454
6	48	6_V	48_L	1.0270	0.605	0.445
43	47	43_R	47_E	1.0135	0.597	0.432
49	59	49_A	59_L	0.9912	0.584	0.410
58	61	58_W	61_N	0.9893	0.583	0.408
21	24	21_A	24_V	0.9835	0.579	0.402
30	44	30_S	44_F	0.9503	0.560	0.371
31	34	31_I	34_L	0.9488	0.559	0.369
13	52	13_L	52_L	0.9481	0.559	0.369
34	48	34_L	48_L	0.9141	0.539	0.338
10	17	10_R	17_Q	0.9090	0.536	0.333
49	54	49_A	54_V	0.9066	0.534	0.330
3	7	3_S	7_K	0.9016	0.531	0.325
39	44	39_T	44_F	0.8677	0.511	0.296
